###predict_type:binary, num_days_after:20
0.0307290931539 1.0
2017-01-17	0.426693	0.573307	1
0.0340509898829 1.03072909315
2017-01-18	0.676100	0.323900	1
0.0368999746829 0.995631747231
2017-01-19	0.651042	0.348958	1
0.035155833631 0.958892960965
2017-01-20	0.585997	0.414003	1
0.0442256312908 0.925182279559
2017-01-23	0.538847	0.461153	1
0.0362927438064 0.925182279559
2017-01-24	0.528464	0.471536	1
0.0284723509064 0.925182279559
2017-01-25	0.399256	0.600744	1
0.0307662378201 0.951524394075
2017-01-26	0.522673	0.477327	1
0.0327103457421 0.951524394075
2017-01-27	0.636167	0.363833	1
0.0362751561346 0.920399702163
2017-01-30	0.700016	0.299984	1
0.0513806820319 0.88701205926
2017-01-31	0.701351	0.298649	1
0.044907942357 0.841436774685
2017-02-01	0.971009	0.028991	1
0.044838545067 0.803649580511
2017-02-02	0.954192	0.045808	1
0.0339033365211 0.767615102577
2017-02-03	0.929460	0.070541	1
0.0330764720192 0.741590389435
2017-02-06	0.911120	0.088879	1
0.0304829735342 0.717061195669
2017-02-07	0.910675	0.089325	1
0.0305927227267 0.69520303822
2017-02-08	0.902374	0.097626	1
0.0280475057933 0.673934884433
2017-02-09	0.920863	0.079137	1
0.0247700434018 0.655032691857
2017-02-10	0.943953	0.056047	1
0.0159776656287 0.63880750365
2017-02-13	0.964929	0.035071	1
0.020397119226 0.628600850956
2017-02-14	0.978915	0.021085	1
0.0136766627647 0.615779204453
2017-02-15	0.935347	0.064653	1
0.0132198941727 0.607357399936
2017-02-16	0.934912	0.065088	1
0.00948897605816 0.599328199384
2017-02-17	0.906028	0.093972	1
-0.00903021962772 0.593641188449
2017-02-21	0.798418	0.201582	1
-0.00608175798064 0.599001898761
2017-02-22	0.675196	0.324804	1
-0.00755141032691 0.602644883339
2017-02-23	0.074142	0.925858	0
-0.0098676569539 0.598094064544
2017-02-24	0.065236	0.934764	0
-0.0118830678342 0.592192277489
2017-02-27	0.061867	0.938133	0
-0.0021449121755 0.585155216484
2017-02-28	0.064346	0.935654	0
-0.014537012304 0.583900109936
2017-03-01	0.073350	0.926650	0
-0.00581875150378 0.575411946854
2017-03-02	0.043662	0.956338	0
-0.00856024839034 0.572063767723
2017-03-03	0.056814	0.943186	0
-0.00693383150267 0.567166759776
2017-03-06	0.078938	0.921062	0
-0.00347493459586 0.563234121029
2017-03-07	0.107640	0.892360	0
-0.00424464024241 0.561276919297
2017-03-08	0.116323	0.883677	0
-0.00312072109162 0.558894500698
2017-03-09	0.871434	0.128566	0
-0.00719046585221 0.560638654554
2017-03-10	0.796025	0.203975	0
-0.00687183743633 0.564669907655
2017-03-13	0.712901	0.287099	0
-0.0049335221628 0.568550227466
2017-03-14	0.703408	0.296592	0
-0.0169080519524 0.571355182614
2017-03-15	0.751451	0.248549	0
-0.0220166047425 0.581015685725
2017-03-16	0.819638	0.180362	0
-0.0122947545464 0.593807678426
2017-03-17	0.860203	0.139797	0
-0.0131790585093 0.60110839808
2017-03-20	0.880345	0.119655	0
-0.00249575515567 0.609030440829
2017-03-21	0.873822	0.126178	0
0.0031467989525 0.610550431692
2017-03-22	0.302873	0.697127	0
0.00116366007946 0.612471711151
2017-03-23	0.174156	0.825844	0
0.0128712275702 0.613184420031
2017-03-24	0.096475	0.903525	1
0.0200803718806 0.621076856244
2017-03-27	0.079062	0.920938	1
0.0122446646805 0.633548310483
2017-03-28	0.107519	0.892481	1
0.0117063021395 0.641305897104
2017-03-29	0.003406	0.996594	1
0.00681566316666 0.648813217699
2017-03-30	0.004458	0.995542	1
0.0108392445994 0.653235310049
2017-03-31	0.005686	0.994314	1
0.013705803967 0.660315887356
2017-04-03	0.007756	0.992244	1
0.0118508919671 0.669366047464
2017-04-04	0.009997	0.990003	1
0.0155421917168 0.677298632179
2017-04-05	0.003097	0.996903	1
0.0177307220815 0.68782533737
2017-04-06	0.002237	0.997763	1
0.0186114012074 0.700020977268
2017-04-07	0.001589	0.998411	1
0.0168677568289 0.713049348529
2017-04-10	0.001365	0.998635	1
0.0194792631427 0.725076891547
2017-04-11	0.001386	0.998614	1
0.0211136375548 0.739200855116
2017-04-12	0.000883	0.999117	1
0.0265999270057 0.754808074051
2017-04-13	0.000971	0.999029	1
0.0226947096862 0.774885913725
2017-04-17	0.000958	0.999042	1
0.0249680864903 0.792471724576
2017-04-18	0.000790	0.999210	1
0.00806618030623 0.812258227137
2017-04-19	0.000573	0.999427	1
0.00419379057178 0.818810048452
2017-04-20	0.002995	0.997005	1
0.0140674594803 0.822243966313
2017-04-21	0.004760	0.995240	1
0.00836935359473 0.833810849992
2017-04-24	0.012209	0.987791	1
0.0041069071926 0.840789307827
2017-04-25	0.021124	0.978876	1
0.00709539466795 0.844242351483
2017-04-26	0.635160	0.364840	1
0.0110098921202 0.838252118804
2017-04-27	0.629109	0.370891	1
0.0132623521517 0.829023053406
2017-04-28	0.623909	0.376091	1
0.0102916259356 0.81802825773
2017-05-01	0.602566	0.397434	1
0.00862761780332 0.809609416897
2017-05-02	0.550494	0.449506	1
0.0175577551288 0.802624416278
2017-05-03	0.936153	0.063847	1
0.0207364240517 0.788532133316
2017-05-04	0.899168	0.100832	1
0.0153420803654 0.772180796622
2017-05-05	0.848497	0.151503	1
0.0124824751595 0.760333936783
2017-05-08	0.811938	0.188062	1
0.0151110598231 0.750843087304
2017-05-09	0.810032	0.189968	1
0.0142355702436 0.739497052494
2017-05-10	0.700517	0.299483	1
0.0155903265728 0.728969890259
2017-05-11	0.775838	0.224161	1
0.016098540972 0.717605011608
2017-05-12	0.852132	0.147868	1
0.0158305298282 0.706052617927
2017-05-15	0.892854	0.107146	1
0.0155165022896 0.694875430898
2017-05-16	0.905834	0.094166	1
0.0320021382842 0.684093394684
2017-05-17	0.017655	0.982345	1
0.0285029082055 0.7059858461
2017-05-18	0.012486	0.987513	1
0.0301167638649 0.726108495866
2017-05-19	0.008036	0.991964	1
0.0179655976141 0.747976533976
2017-05-22	0.006426	0.993573	1
0.0155061255121 0.76141437941
2017-05-23	0.006953	0.993047	1
0.0125229689245 0.773220966344
2017-05-24	0.003041	0.996959	1
0.00961872700921 0.782903988477
2017-05-25	0.004517	0.995483	1
0.00962406099693 0.790434528217
2017-05-26	0.007119	0.992881	1
0.00268140969541 0.79804171833
2017-05-30	0.010784	0.989216	1
0.0119785637283 0.800181595131
2017-05-31	0.013170	0.986830	1
-0.0042633101955 0.809766621363
2017-06-01	0.000766	0.999234	1
-0.00642056167225 0.80631433507
2017-06-02	0.000516	0.999484	1
-0.00291043048683 0.801137344154
2017-06-05	0.000349	0.999651	1
0.0013213107597 0.798805689604
2017-06-06	0.000266	0.999734	0
-0.00961305184301 0.799861160156
2017-06-07	0.000235	0.999765	0
-0.0035377333295 0.792172053357
2017-06-08	0.000527	0.999473	0
-0.00178474938008 0.789369559881
2017-06-09	0.000616	0.999384	0
-0.00158883512276 0.787960733048
2017-06-12	0.000757	0.999243	0
0.00118831310311 0.78670879336
2017-06-13	0.000846	0.999154	0
0.00406502280899 0.787643649727
2017-06-14	0.000865	0.999135	0
0.0110217639756 0.790845439129
2017-06-15	0.041616	0.958384	1
0.0106816271369 0.7995619509
2017-06-16	0.033335	0.966665	1
0.0029142924686 0.808102573533
2017-06-19	0.030664	0.969337	1
0.0151003885877 0.810457620776
2017-06-20	0.031423	0.968577	1
0.0155361073597 0.822695845784
2017-06-21	0.032343	0.967657	1
0.0156253850893 0.835477336769
2017-06-22	0.123888	0.876112	1
0.0129639092811 0.848531991889
2017-06-23	0.118352	0.881648	1
0.0156042255612 0.859532283654
2017-06-26	0.106661	0.893339	1
0.0241591657433 0.872944619285
2017-06-27	0.089978	0.910022	1
0.014229583201 0.894034233027
2017-06-28	0.795350	0.204650	1
0.0216556184651 0.881312498524
2017-06-29	0.770119	0.229881	1
0.0193488109461 0.862227131307
2017-06-30	0.752800	0.247200	1
0.0194894627852 0.845544061551
2017-07-03	0.746467	0.253533	1
0.0185115558223 0.82906486203
2017-07-05	0.752826	0.247174	1
0.0258989106754 0.813717581556
2017-07-06	0.795355	0.204645	1
0.0212974715814 0.792643182597
2017-07-07	0.796815	0.203185	1
0.0220315321979 0.775761886941
2017-07-10	0.801787	0.198213	1
0.0203625187073 0.758670663951
2017-07-11	0.813104	0.186896	1
0.012593881101 0.743222218364
2017-07-12	0.825042	0.174958	1
-0.00393005217151 0.733862166114
2017-07-13	0.041095	0.958905	1
-0.00729887324287 0.730978049514
2017-07-14	0.054602	0.945398	1
0.00272461115368 0.725642733388
2017-07-17	0.069336	0.930664	1
0.0016256130949 0.727619827673
2017-07-18	0.086766	0.913234	1
-0.00231220405961 0.728802655993
2017-07-19	0.104508	0.895492	0
-0.0175625138976 0.727117515533
2017-07-20	0.831253	0.168747	0
-0.0190047481537 0.739887527005
2017-07-21	0.840548	0.159452	0
-0.0168183462887 0.753948903117
2017-07-24	0.837548	0.162452	0
-0.00993888128354 0.766629076854
2017-07-25	0.815542	0.184458	0
-0.0136369721233 0.774248512237
2017-07-26	0.812479	0.187521	0
-0.0147247341754 0.784806917615
2017-07-27	0.152187	0.847813	0
-0.0117511827292 0.773250844374
2017-07-28	0.162176	0.837825	0
-0.0105493259928 0.764164232407
2017-07-31	0.158934	0.841066	0
-0.0121348350542 0.756102814807
2017-08-01	0.136756	0.863244	0
-0.00806435305302 0.746927631865
2017-08-02	0.092468	0.907532	0
-0.000206297335379 0.740904143737
2017-08-03	0.619023	0.380977	0
-0.00011308809595 0.741056990287
2017-08-04	0.548875	0.451125	0
-0.00929489619917 0.741056990287
2017-08-07	0.525882	0.474118	0
-0.00378998124343 0.741056990287
2017-08-08	0.542514	0.457486	0
-0.00360542760366 0.741056990287
2017-08-09	0.552389	0.447611	0
0.00952333884284 0.743728817616
2017-08-10	0.724362	0.275638	0
0.0191658603065 0.736646036079
2017-08-11	0.667287	0.332713	1
0.012425744881 0.722527581056
2017-08-14	0.554379	0.445621	1
0.0136979070239 0.713549637664
2017-08-15	0.452874	0.547126	1
0.0111461802292 0.713549637664
2017-08-16	0.451227	0.548773	1
0.0288970004239 0.713549637664
2017-08-17	0.858359	0.141641	1
0.0322896250335 0.692930193482
2017-08-18	0.887202	0.112798	1
0.0322355311491 0.67055573736
2017-08-21	0.888319	0.111681	1
0.0227236586191 0.648940017001
2017-08-22	0.850872	0.149128	1
0.0231420516849 0.634193725591
2017-08-23	0.790277	0.209723	1
0.0259330783076 0.619517181615
2017-08-24	0.252498	0.747502	1
0.0219438406909 0.635583169199
2017-08-25	0.357461	0.642539	1
0.0215200225837 0.649530305009
2017-08-28	0.541806	0.458194	1
0.0248293340964 0.649530305009
2017-08-29	0.628092	0.371908	1
0.0213501836616 0.633402900061
2017-08-30	0.603591	0.396409	1
0.0193029765259 0.619879631812
2017-08-31	0.001160	0.998840	1
0.0212271506733 0.631845153794
2017-09-01	0.001191	0.998809	1
0.031218339963 0.645257426076
2017-09-05	0.001373	0.998627	1
0.0292836457733 0.665401291767
2017-09-06	0.001546	0.998454	1
0.0352805145722 0.684886667492
2017-09-07	0.001633	0.998367	1
0.0357110312181 0.709049821545
2017-09-08	0.000247	0.999753	1
0.0227561875176 0.734370721857
2017-09-11	0.000255	0.999745	1
0.0216945058643 0.751082199711
2017-09-12	0.000288	0.999712	1
0.0227628004354 0.767376556897
2017-09-13	0.000341	0.999659	1
0.0221627482484 0.784844196321
2017-09-14	0.030717	0.969283	1
0.0211740119909 0.802238500658
2017-09-15	0.037763	0.962237	1
0.021474676342 0.819225108291
2017-09-18	0.042055	0.957945	1
0.0210281459728 0.836817702342
2017-09-19	0.040194	0.959806	1
0.0211383280707 0.85441442714
2017-09-20	0.033652	0.966348	1
0.0245940964331 0.872475319609
2017-09-21	0.521651	0.478349	1
0.0291700969539 0.872475319609
2017-09-22	0.442789	0.557211	1
0.0273646002005 0.897925509272
2017-09-25	0.367419	0.632581	1
0.0289525148206 0.922496881843
2017-09-26	0.303493	0.696507	1
0.019987674708 0.949205486487
2017-09-27	0.247650	0.752350	1
0.0200552170046 0.968177896982
2017-09-28	0.763534	0.236466	1
0.0244943150445 0.948760879159
2017-09-29	0.777853	0.222147	1
0.0172826905294 0.925521631283
2017-10-02	0.832616	0.167384	1
0.0160499563616 0.909526127351
2017-10-03	0.887417	0.112583	1
0.0164004586758 0.894928272697
2017-10-04	0.930482	0.069518	1
0.0108852809333 0.880251038543
2017-10-05	0.991165	0.008835	1
0.0151059292008 0.870669258697
2017-10-06	0.991727	0.008273	1
0.0182337222417 0.857516990517
2017-10-09	0.990022	0.009978	1
0.0156823391652 0.841881263895
2017-10-10	0.987328	0.012672	1
0.0153175044223 0.828678596378
2017-10-11	0.982951	0.017049	1
0.0132070269748 0.815985308313
2017-10-12	0.991020	0.008980	1
0.0114093856425 0.805208568335
2017-10-13	0.989510	0.010490	1
0.0106348825728 0.796021633256
2017-10-16	0.988288	0.011712	1
0.00762299920203 0.787556036661
2017-10-17	0.988635	0.011365	1
0.00131189336498 0.781552497622
2017-10-18	0.051634	0.948366	1
0.00918769723322 0.782577811158
2017-10-19	0.055654	0.944346	1
0.00141351579095 0.789767899149
2017-10-20	0.060083	0.939917	1
0.00669007165748 0.790884248545
2017-10-23	0.060941	0.939059	1
0.0116382203952 0.796175320841
2017-10-24	0.003540	0.996460	1
0.0156151190042 0.805441384698
2017-10-25	0.003045	0.996955	1
0.0164114988444 0.818018447771
2017-10-26	0.002519	0.997481	1
0.00788424924995 0.831443356581
2017-10-27	0.002148	0.997852	1
0.0210701437301 0.837998663242
2017-10-30	0.002012	0.997988	1
0.0197300855059 0.855655415522
2017-10-31	0.004978	0.995022	1
0.0264484202884 0.872537570033
2017-11-01	0.005190	0.994810	1
0.0241757844768 0.895614810403
2017-11-02	0.005352	0.994648	1
0.0199393308729 0.917267001034
2017-11-03	0.005457	0.994542	1
0.0148353040888 0.935556691266
2017-11-06	0.079913	0.920087	1
0.0149114124275 0.949435959273
2017-11-07	0.083485	0.916515	1
0.0164201472575 0.963593390435
2017-11-08	0.086416	0.913584	1
0.0258761045772 0.979415735803
2017-11-09	0.078793	0.921207	1
0.0300855826201 1.00475919981
2017-11-10	0.066745	0.933255	1
0.0306672741575 1.03498796573
2017-11-13	0.134625	0.865375	1
0.0325646491462 1.06672822542
2017-11-14	0.105094	0.894906	1
0.0340751832991 1.10146585582
2017-11-15	0.082291	0.917708	1
0.0348734562767 1.13899850675
2017-11-16	0.067767	0.932233	1
0.0431625707908 1.17871932137
2017-11-17	0.063000	0.937000	1
0.0384681325748 1.22959587753
2017-11-20	0.037631	0.962369	1
0.0308653613079 1.27689613476
2017-11-21	0.048104	0.951896	1
0.0336878327318 1.31630799531
2017-11-22	0.074307	0.925693	1
0.0310942135049 1.36065155888
2017-11-24	0.121392	0.878608	1
0.0303988218127 1.40295994896
2017-11-27	0.173746	0.826254	1
0.021156929472 1.44560827845
2017-11-28	0.016909	0.983091	1
0.0234075625019 1.47619291085
2017-11-29	0.017524	0.982476	1
0.00983161944751 1.51074698867
2017-11-30	0.015976	0.984024	1
0.0202822247958 1.52560007814
2017-12-01	0.014335	0.985665	1
0.027892357011 1.55654264188
2017-12-04	0.014328	0.985672	1
0.035906972018 1.59995828495
2017-12-05	0.024064	0.975936	1
0.0433123642684 1.65740794232
2017-12-06	0.030908	0.969092	1
0.0419912172258 1.72919419885
2017-12-07	0.039589	0.960411	1
0.0376353007731 1.80180516808
2017-12-08	0.045817	0.954183	1
0.0331730570416 1.86961664752
2017-12-11	0.154964	0.845036	1
0.0388309777438 1.93163754721
2017-12-12	0.143752	0.856248	1
0.0463375313541 2.00664492182
2017-12-13	0.124772	0.875228	1
0.0469115501073 2.0996278938
2017-12-14	0.104104	0.895896	1
0.0473688323398 2.19812469295
2017-12-15	0.101445	0.898555	1
0.0400980253999 2.30224729299
2017-12-18	0.989577	0.010423	1
0.0480445427322 2.20993172256
2017-12-19	0.989192	0.010808	1
0.0573742651862 2.10375656348
2017-12-20	0.989135	0.010865	1
0.0575733894973 1.98305507652
2017-12-21	0.989244	0.010756	1
0.0574656563288 1.8688838742
2017-12-22	0.987899	0.012101	1
0.0592240253684 1.76148723577
2017-12-26	0.995104	0.004896	1
0.0709194716017 1.65716487103
2017-12-27	0.994779	0.005221	1
0.0617628016699 1.53963961402
2017-12-28	0.994508	0.005492	1
0.0556624916999 1.4445471579
2017-12-29	0.994913	0.005087	1
0.0474810892652 1.36414006371
2018-01-02	0.994988	0.005012	1
0.0401465120511 1.29936920758
2018-01-03	0.334818	0.665182	1
0.0140014831185 1.35153434913
2018-01-04	0.335538	0.664462	1
-0.0343437301768 1.3704578345
2018-01-05	0.391987	0.608013	1
-0.0191323320147 1.32339120041
2018-01-08	0.490646	0.509354	1
-0.0253081645337 1.32339120041
2018-01-09	0.618201	0.381799	0
-0.0608500744115 1.35688380266
2018-01-10	0.000963	0.999037	0
-0.053480356217 1.2743173223
2018-01-11	0.001225	0.998775	0
-0.0467439990812 1.20616637797
2018-01-12	0.001281	0.998719	0
-0.0408727800863 1.1497853379
2018-01-16	0.001194	0.998806	0
-0.0370840218556 1.10279041464
2018-01-17	0.001383	0.998617	0
-0.0238846617084 1.0618945108
2018-01-18	0.000927	0.999073	0
-0.0277835106572 1.03653151964
2018-01-19	0.000928	0.999072	0
-0.0411970476214 1.00773303512
2018-01-22	0.000796	0.999204	0
-0.048535926447 0.966217409282
2018-01-23	0.000607	0.999393	0
-0.0470759883561 0.919321152173
2018-01-24	0.000537	0.999463	0
-0.0323853130228 0.876043200318
2018-01-25	0.001376	0.998624	0
-0.0324657909176 0.847672267054
2018-01-26	0.001071	0.998929	0
-0.0382859125364 0.820151916465
2018-01-29	0.000814	0.999186	0
-0.038477412672 0.788751651925
2018-01-30	0.000617	0.999383	0
-0.0517528427283 0.758402529118
2018-01-31	0.004432	0.995568	0
-0.0463256295225 0.719153042304
2018-02-01	0.003261	0.996739	0
-0.0149124050972 0.685837824896
2018-02-02	0.002142	0.997858	0
0.029891278394 0.67561033342
2018-02-05	0.001097	0.998903	0
0.0117471081928 0.695805189982
2018-02-06	0.000319	0.999681	0
0.0213711291279 0.70397888883
2018-02-07	0.000628	0.999372	0
0.0796474622239 0.719023712567
2018-02-08	0.000408	0.999592	1
0.0624038479892 0.776292126551
2018-02-09	0.000442	0.999558	1
0.0411559111446 0.824735742412
2018-02-12	0.000698	0.999302	1
0.0324979546102 0.858678493344
2018-02-13	0.001761	0.998239	1
0.0180462685899 0.886583788046
2018-02-14	0.008508	0.991492	1
0.00761936145284 0.902583317212
2018-02-15	0.014607	0.985393	1
-0.00706388943789 0.909460425747
2018-02-16	0.036618	0.963382	1
0.00025030740798 0.903036097852
2018-02-20	0.113336	0.886664	1
0.00392391881318 0.903262134477
2018-02-21	0.233904	0.766096	1
-0.022289567893 0.906806461759
2018-02-22	0.132033	0.867967	0
-0.0578895642995 0.886594137564
2018-02-23	0.051264	0.948736	0
-0.0435494659825 0.83526958923
2018-02-26	0.012150	0.987850	0
-0.0479761175973 0.798894044668
2018-02-27	0.004165	0.995835	0
-0.0401020314426 0.760566210033
2018-02-28	0.002179	0.997821	0
-0.0137432175639 0.730065959964
2018-03-01	0.020160	0.979840	0
-0.0406391453785 0.72003250464
2018-03-02	0.042711	0.957289	0
-0.0391371746212 0.690770999007
2018-03-05	0.097704	0.902296	0
-0.0305815715371 0.663736173796
2018-03-06	0.191389	0.808611	0
-0.023456029045 0.643438078515
2018-03-07	0.157226	0.842774	0
-0.0491060508147 0.628345576256
2018-03-08	0.002888	0.997112	0
-0.0622306971571 0.59749000646
2018-03-09	0.005335	0.994665	0
-0.0453284202054 0.560307786813
2018-03-12	0.023768	0.976232	0
-0.0445231079147 0.534909920008
2018-03-13	0.062477	0.937523	0
-0.0310931521597 0.511094067915
2018-03-14	0.081103	0.918897	0
-0.0331340234652 0.495202542293
2018-03-15	0.000312	0.999688	0
-0.0269511738693 0.478794489637
2018-03-16	0.000153	0.999847	0
-0.00240700066375 0.465890416099
2018-03-19	0.000072	0.999928	0
-0.00305490747145 0.464769017558
2018-03-20	0.000044	0.999956	0
-0.00693233257984 0.463349191214
2018-03-21	0.000081	0.999919	0
0.0100049555736 0.46013710052
2018-03-22	0.000105	0.999895	0
0.0316931065658 0.464740751769
2018-03-23	0.000114	0.999886	1
-0.00902367832089 0.47946982994
2018-03-26	0.000061	0.999939	1
0.0102501699348 0.47514324843
2018-03-27	0.000024	0.999976	1
0.0237773128599 0.48001354747
2018-03-28	0.000014	0.999986	1
0.0109963000452 0.491426979765
2018-03-29	0.000010	0.999990	1
0.0256286514334 0.496830858285
2018-04-02	0.000019	0.999981	1
0.0154334563675 0.509563963173
2018-04-03	0.000071	0.999929	1
-0.00341060779942 0.517428296365
2018-04-04	0.000122	0.999878	1
-0.0124341300103 0.515663551382
2018-04-05	0.000030	0.999970	1
0.0226341251771 0.509251723742
2018-04-06	0.000029	0.999971	1
0.0227578878736 0.520778191004
2018-04-09	0.000029	0.999971	1
0.00566448468821 0.532630002682
2018-04-10	0.000027	0.999973	1
0.0210431884552 0.535647077177
2018-04-11	0.000022	0.999978	1
0.0221772979628 0.546918799567
2018-04-12	0.000047	0.999953	1
0.0268870233031 0.559047980747
2018-04-13	0.000036	0.999964	1
0.019526856738 0.574079116833
2018-04-16	0.000032	0.999968	1
0.00186968625622 0.585289077503
2018-04-17	0.000038	0.999962	1
0.00510222861297 0.586383384447
2018-04-18	0.000058	0.999942	1
0.0100255097238 0.58937524653
2018-04-19	0.012213	0.987787	1
0.0160403954864 0.595284033795
2018-04-20	0.034039	0.965961	1
0.0234880855637 0.604832625124
2018-04-23	0.080031	0.919969	1
0.0341156764653 0.619038985574
2018-04-24	0.099188	0.900812	1
0.0355725178288 0.640157919326
2018-04-25	0.939376	0.060624	1
0.0228052008221 0.617385890327
2018-04-26	0.805717	0.194283	1
0.0192591517789 0.603306281113
2018-04-27	0.657936	0.342065	1
0.0157890145579 0.591687113876
2018-04-30	0.658723	0.341277	1
0.0260697604339 0.582344957422
2018-05-01	0.759650	0.240350	1
0.0375427135242 0.567163363892
2018-05-02	0.929229	0.070771	1
test acc:0.521472, look_back earning:0.545871
