###predict_type:4class, num_days_after:5
2018-05-07 0.153619 0.228705 0.347662 0.270014
2018-05-08 0.185749 0.220721 0.333393 0.260136
2018-05-09 0.141334 0.172619 0.341988 0.344059
2018-05-10 0.074568 0.116888 0.327089 0.481455
2018-05-11 0.059663 0.102678 0.317013 0.520647
2018-05-14 0.057862 0.099729 0.328048 0.514361
2018-05-15 0.110156 0.146531 0.380141 0.363172
2018-05-16 0.112791 0.153139 0.430198 0.303872
2018-05-17 0.146506 0.188155 0.477840 0.187500
2018-05-18 0.192026 0.229333 0.484024 0.094617
2018-05-21 0.157787 0.234734 0.526340 0.081138
2018-05-22 0.155562 0.272096 0.514856 0.057487
2018-05-23 0.195087 0.332792 0.438480 0.033641
2018-05-24 0.197050 0.377562 0.400371 0.025016
2018-05-25 0.174704 0.395710 0.403595 0.025991
2018-05-29 0.243828 0.432008 0.308304 0.015860
2018-05-30 0.151720 0.397970 0.416264 0.034046
