###predict_type:4class, num_days_after:1
0.00176375405173 1.0
2017-01-17	0.036814	0.287913	0.624317	0.050956	2
-0.00360932983592 1.00176375405
2017-01-18	0.036671	0.288775	0.628133	0.046420	1
0.00336627379925 0.998148058246
2017-01-19	0.223876	0.611040	0.157376	0.007707	2
-0.00269012144137 0.994788018589
2017-01-20	0.104493	0.593048	0.274960	0.027499	1
0.00656458590853 0.997464119168
2017-01-23	0.212534	0.696838	0.085785	0.004843	2
0.00802606902305 0.990916180267
2017-01-24	0.020939	0.335999	0.528835	0.114226	2
-0.000735390701437 0.998869341926
2017-01-25	0.000582	0.026030	0.460544	0.512845	2
-0.000866468156925 0.9981347827
2017-01-26	0.008404	0.166672	0.574224	0.250700	2
-0.00600952660314 0.997269930694
2017-01-27	0.000775	0.030343	0.471604	0.497278	2
-0.000889911915906 0.991276810515
2017-01-30	0.046327	0.547833	0.359110	0.046730	1
0.000298349607553 0.992158959561
2017-01-31	0.107073	0.643573	0.239742	0.009612	1
0.000570331863745 0.991862949325
2017-02-01	0.180495	0.670405	0.145675	0.003425	1
0.00726474747288 0.99129725828
2017-02-02	0.128663	0.711228	0.155048	0.005061	2
-0.00211532946154 0.984095734028
2017-02-03	0.009470	0.212386	0.669828	0.108316	2
0.000226820662193 0.982014047329
2017-02-06	0.006035	0.150832	0.709667	0.133465	2
0.000693303299784 0.982236788406
2017-02-07	0.002054	0.068387	0.726504	0.203055	2
0.0057525485474 0.982917776412
2017-02-08	0.004191	0.119656	0.746628	0.129525	2
0.00356605859229 0.988572058639
2017-02-09	0.007265	0.193095	0.694226	0.105414	2
0.00524584408075 0.992097364523
2017-02-10	0.010402	0.244065	0.637046	0.108487	3
0.0040073445721 0.99730175261
2017-02-13	0.000963	0.038052	0.615387	0.345598	3
0.00499229951521 1.00129828438
2017-02-14	0.000176	0.010573	0.480891	0.508361	3
-0.000864105565606 1.00629706531
2017-02-15	0.000249	0.016006	0.555386	0.428359	3
0.00167853886726 1.00542751842
2017-02-16	0.000540	0.032008	0.562667	0.404786	3
0.00604807865258 1.00711516759
2017-02-17	0.004732	0.128564	0.655521	0.211182	3
-0.00108219402727 1.01320627933
2017-02-21	0.002270	0.064928	0.689971	0.242832	2
0.000418990849113 1.01210979355
2017-02-22	0.004596	0.096789	0.776374	0.122240	2
0.00149335177136 1.01253385829
2017-02-23	0.005502	0.114319	0.791569	0.088610	2
0.00101797794073 1.01404592752
2017-02-24	0.004467	0.102889	0.777336	0.115308	2
-0.00257837324612 1.01507820391
2017-02-27	0.014733	0.220189	0.697301	0.067777	1
0.0136738680033 1.01246095342
2017-02-28	0.027132	0.316900	0.617529	0.038439	2
-0.0058599058415 1.02630521086
2017-03-01	0.000938	0.037416	0.733131	0.228515	2
0.000503879244638 1.02029115896
2017-03-02	0.004275	0.104370	0.804291	0.087065	2
-0.00327721628465 1.0208052625
2017-03-03	0.005109	0.127813	0.760064	0.107013	2
-0.00291338802458 1.01745986287
2017-03-06	0.008013	0.189737	0.702993	0.099256	2
-0.00228421004498 1.01449560749
2017-03-07	0.113815	0.629853	0.247572	0.008760	1
0.000799879812779 1.01681292855
2017-03-08	0.182135	0.667634	0.146750	0.003481	1
0.00326867847837 1.01599960041
2017-03-09	0.100465	0.589894	0.300386	0.009255	1
0.000366644172357 1.01267862438
2017-03-10	0.033663	0.348881	0.583814	0.033643	1
-0.00337901890481 1.0130499171
2017-03-13	0.010815	0.160494	0.755427	0.073265	1
0.00837472785305 1.00962680228
2017-03-14	0.003642	0.074231	0.774942	0.147185	2
-0.00162669897621 1.01808215198
2017-03-15	0.003545	0.074618	0.777764	0.144073	2
-0.00131432200297 1.01642603879
2017-03-16	0.010261	0.159333	0.739934	0.090471	2
-0.00200988121518 1.01509012768
2017-03-17	0.032180	0.306004	0.613172	0.048644	1
-0.0124079933599 1.0130499171
2017-03-20	0.032562	0.306871	0.609794	0.050773	1
0.00188991561505 1.00048000045
2017-03-21	0.353445	0.544527	0.100134	0.001894	0
-0.00106027379761 0.998589177678
2017-03-22	0.436347	0.507347	0.055458	0.000848	1
-0.000844004160344 0.999647955618
2017-03-23	0.294128	0.547898	0.153601	0.004374	1
-0.00101959061084 1.00049166265
2017-03-24	0.289860	0.520847	0.183035	0.006257	1
0.00725148265702 1.00151175456
2017-03-27	0.133213	0.436361	0.398857	0.031569	2
0.00108531860045 0.994249309438
2017-03-28	0.005473	0.069435	0.613382	0.311710	2
0.00293512017276 0.995328386707
2017-03-29	0.027245	0.211524	0.607404	0.153826	2
-0.00225505256391 0.998249795133
2017-03-30	0.005843	0.086778	0.587687	0.319691	2
-0.0016421327961 0.995998689373
2017-03-31	0.006579	0.103213	0.608107	0.282101	2
0.000559512278938 0.994363127261
2017-04-03	0.124900	0.500391	0.346474	0.028235	2
-0.00305483539484 0.993806768881
2017-04-04	0.036267	0.278603	0.598783	0.086346	1
0.0019294927644 0.990770852788
2017-04-05	0.144233	0.520983	0.319122	0.015661	1
-0.000827150910502 0.988859167597
2017-04-06	0.065867	0.379599	0.521672	0.032862	1
0.000687697937628 0.988041231836
2017-04-07	0.064568	0.373136	0.531745	0.030552	1
-0.00143388660226 0.988720705753
2017-04-10	0.066809	0.380642	0.518051	0.034498	1
-0.00375995207708 0.98730299238
2017-04-11	0.031332	0.272682	0.622444	0.073541	1
-0.00681466000327 0.983590780443
2017-04-12	0.140231	0.605601	0.241370	0.012798	1
0.00861332360076 0.990293617194
2017-04-13	0.501078	0.480290	0.018206	0.000426	1
-0.00290339334443 0.981763897809
2017-04-17	0.182071	0.701901	0.104900	0.011129	1
-0.00171634247078 0.984614344576
2017-04-18	0.346929	0.612749	0.037251	0.003070	1
0.0075572780233 0.986304279993
2017-04-19	0.227988	0.660783	0.096963	0.014265	2
-0.00303509563319 0.978850504333
2017-04-20	0.003302	0.069837	0.449709	0.477153	2
0.0108400857857 0.975879599442
2017-04-21	0.049495	0.365353	0.496997	0.088155	2
0.00609068534384 0.986458218017
2017-04-24	0.002327	0.045367	0.496391	0.455914	3
-0.000485679935792 0.992466424627
2017-04-25	0.000170	0.007342	0.268462	0.724026	3
0.000552891160024 0.991984403598
2017-04-26	0.003451	0.065784	0.552560	0.378205	2
-0.00191311846683 0.992532863006
2017-04-27	0.001878	0.045126	0.564431	0.388566	2
0.00173227917121 0.990634030057
2017-04-28	0.006984	0.136449	0.678707	0.177860	2
0.00118903161669 0.992350084753
2017-05-01	0.055786	0.525798	0.388769	0.029646	2
-0.00127134420687 0.991170149127
2017-05-02	0.056465	0.649727	0.275485	0.018323	2
0.000582087264181 0.992430267555
2017-05-03	0.057308	0.676679	0.252934	0.013080	2
0.00408868726774 0.991852586535
2017-05-04	0.048072	0.621450	0.315809	0.014669	2
3.74694180361e-05 0.987797211493
2017-05-05	0.003761	0.154203	0.712384	0.129652	2
-0.00102526490282 0.98783422368
2017-05-08	0.011120	0.318050	0.604034	0.066796	2
0.00113061767312 0.986821431921
2017-05-09	0.027302	0.570999	0.367286	0.034413	2
-0.00216283352695 0.985705714169
2017-05-10	0.016140	0.457895	0.465432	0.060533	2
-0.0014784250797 0.985705714169
2017-05-11	0.066204	0.655147	0.266666	0.011983	1
0.00477652786719 0.987163006218
2017-05-12	0.041090	0.503032	0.431948	0.023929	2
-0.000686919282738 0.987163006218
2017-05-15	0.012858	0.258440	0.663269	0.065434	2
-0.0181782176717 0.986484904914
2017-05-16	0.025859	0.352613	0.585093	0.036436	0
0.00368684318825 0.968552367583
2017-05-17	0.363160	0.572668	0.063327	0.000845	1
0.00676749573069 0.964981466884
2017-05-18	0.187933	0.617208	0.190557	0.004302	1
0.00516011470654 0.958450958927
2017-05-19	0.073278	0.413210	0.490038	0.023474	1
0.00183787102865 0.958450958927
2017-05-22	0.036323	0.260264	0.655587	0.047826	1
0.00248913878675 0.960212468176
2017-05-23	0.000777	0.019429	0.573553	0.406241	3
0.00444195843611 0.962602570275
2017-05-24	0.000482	0.015189	0.495016	0.489312	3
0.000310549991903 0.966878410882
2017-05-25	0.001393	0.036845	0.629200	0.332561	2
-0.00120464268014 0.967178674965
2017-05-26	0.002532	0.060892	0.639876	0.296700	2
-0.000459984021782 0.966013570254
2017-05-30	0.013614	0.190958	0.659988	0.135440	2
0.00757115017829 0.965569219447
2017-05-31	0.073027	0.462222	0.434640	0.030111	2
0.00370772722864 0.965569219447
2017-06-01	0.011996	0.190576	0.716316	0.081112	2
-0.00121767717951 0.969149286733
2017-06-02	0.001539	0.050473	0.796545	0.151444	2
-0.00277903194536 0.967969175763
2017-06-05	0.000964	0.039642	0.798053	0.161341	2
0.001568251264 0.965279158501
2017-06-06	0.005502	0.139114	0.784451	0.070933	2
0.000267185622989 0.966792958761
2017-06-07	0.017319	0.324081	0.623009	0.035591	2
-0.000829981222702 0.96705127194
2017-06-08	0.027570	0.452697	0.500351	0.019382	1
-0.000978752102378 0.96705127194
2017-06-09	0.032003	0.490653	0.462529	0.014815	1
0.00451150307326 0.96705127194
2017-06-12	0.024223	0.446562	0.509719	0.019496	2
-0.000995840719739 0.96705127194
2017-06-13	0.016254	0.356978	0.595427	0.031340	2
-0.00223957317055 0.966088242906
2017-06-14	0.014676	0.304292	0.637420	0.043612	1
0.000283622341169 0.963924617597
2017-06-15	0.006219	0.155328	0.763374	0.075080	2
0.00834724568347 0.964198008153
2017-06-16	0.008469	0.175275	0.758191	0.058065	2
-0.00669666511783 0.972246405815
2017-06-19	0.004172	0.113185	0.810108	0.072536	1
-0.000582635420984 0.965735597223
2017-06-20	0.019955	0.285202	0.667605	0.027238	1
-0.000455779026372 0.965172925457
2017-06-21	0.011296	0.211990	0.728137	0.048578	2
0.00156089546108 0.964733019881
2017-06-22	0.013831	0.229391	0.715353	0.041424	2
0.000315834802936 0.966238867273
2017-06-23	0.068138	0.476480	0.443340	0.012042	1
-0.00807283070708 0.966238867273
2017-06-26	0.028967	0.312850	0.627267	0.030916	1
0.00880804209376 0.958438584474
2017-06-27	0.099409	0.520059	0.370550	0.009982	2
-0.00859998642187 0.949996617078
2017-06-28	0.015875	0.212678	0.710788	0.060659	1
0.00153320659586 0.94182665907
2017-06-29	0.153107	0.528262	0.309902	0.008730	1
0.00231083482823 0.940382644225
2017-06-30	0.072378	0.421630	0.480143	0.025849	1
0.00145326696885 0.940382644225
2017-07-03	0.025202	0.250925	0.657738	0.066136	2
-0.00936880791272 0.941749271259
2017-07-05	0.046014	0.345538	0.565391	0.043058	1
0.00640311235605 0.932926203235
2017-07-06	0.169080	0.558333	0.262361	0.010226	2
0.000927766224683 0.926952571936
2017-07-07	0.028068	0.282743	0.604292	0.084896	2
-0.000782679656372 0.927812567224
2017-07-10	0.025764	0.260259	0.627951	0.086026	1
0.00730561980268 0.927086387203
2017-07-11	0.118769	0.511154	0.348052	0.022025	2
0.00187459326716 0.920313446534
2017-07-12	0.001956	0.045345	0.544639	0.408059	3
0.00467348612144 0.922038659924
2017-07-13	0.007575	0.124636	0.666616	0.201173	2
-5.29018773863e-05 0.926347794805
2017-07-14	0.001423	0.045180	0.574285	0.379111	2
0.000597851305654 0.926298789267
2017-07-17	0.000596	0.025678	0.498454	0.475272	2
0.00537265127864 0.926852578208
2017-07-18	0.009990	0.204482	0.642564	0.142964	2
-0.00015364838515 0.931832233897
2017-07-19	0.003305	0.114109	0.691950	0.190636	2
-0.00036790717419 0.931689059379
2017-07-20	0.003288	0.115680	0.763047	0.117985	2
-0.0010637239438 0.93134628429
2017-07-21	0.004749	0.154983	0.779471	0.060797	2
0.00292318355419 0.930355588948
2017-07-24	0.005704	0.180804	0.762474	0.051018	2
0.000282665838396 0.933075189105
2017-07-25	0.005961	0.181957	0.766293	0.045788	2
-0.000972705917165 0.933338937585
2017-07-26	0.013643	0.316368	0.640471	0.029518	2
-0.00134110580593 0.932431073278
2017-07-27	0.014792	0.351307	0.601350	0.032551	1
-0.000728166306858 0.931180584552
2017-07-28	0.021420	0.416956	0.539374	0.022250	2
0.0024491357325 0.930502530225
2017-07-31	0.026728	0.414625	0.538082	0.020565	1
0.000492660549088 0.932781457221
2017-08-01	0.012971	0.251533	0.692492	0.043004	1
-0.00218367181619 0.933241001846
2017-08-02	0.018593	0.287705	0.654943	0.038759	1
0.00188911728566 0.931203109772
2017-08-03	0.018066	0.281833	0.654729	0.045372	2
0.00164718605447 0.932962261663
2017-08-04	0.014162	0.238735	0.696996	0.050107	2
-0.00241443673549 0.93449902409
2017-08-07	0.010082	0.192638	0.734410	0.062869	1
-0.000363607727264 0.932242735317
2017-08-08	0.020177	0.282168	0.651802	0.045853	1
-0.0144744181535 0.931903764655
2017-08-09	0.037681	0.386975	0.544266	0.031078	1
0.00127556691179 0.918414999886
2017-08-10	0.456859	0.499306	0.043262	0.000573	1
0.0100437464141 0.917243500101
2017-08-11	0.490181	0.474544	0.034776	0.000499	1
-0.000498815799127 0.908030938986
2017-08-14	0.091418	0.461179	0.416696	0.030706	1
0.00142010292013 0.908483879165
2017-08-15	0.077663	0.403521	0.479232	0.039584	1
-0.015436953157 0.908483879165
2017-08-16	0.010120	0.135417	0.660819	0.193644	1
-0.00183538339348 0.894459656078
2017-08-17	0.080264	0.420486	0.451869	0.047381	1
0.00116266413803 0.894459656078
2017-08-18	0.311504	0.541591	0.141555	0.005350	0
0.00994078291443 0.893419699913
2017-08-21	0.350341	0.519153	0.126179	0.004326	1
-0.00345360467439 0.884538408625
2017-08-22	0.161354	0.485056	0.327411	0.026179	1
-0.00207443413365 0.887593254608
2017-08-23	0.129505	0.449576	0.382271	0.038648	2
0.00167283730427 0.889434508352
2017-08-24	0.020869	0.192411	0.600064	0.186656	2
0.000487096047973 0.890922387577
2017-08-25	0.005522	0.084705	0.573839	0.335933	2
0.000842797761267 0.891356352351
2017-08-28	0.052296	0.337470	0.517082	0.093153	1
0.00461517393615 0.892107585489
2017-08-29	0.051081	0.370436	0.497324	0.081159	2
0.00572097031153 0.896224817166
2017-08-30	0.063614	0.420287	0.464776	0.051323	2
0.00198252187739 0.896224817166
2017-08-31	0.002196	0.055685	0.639643	0.302476	2
-0.00755078637621 0.898001602473
2017-09-01	0.000325	0.014890	0.504880	0.479906	2
0.00312870992417 0.891220984207
2017-09-05	0.005375	0.111756	0.700352	0.182517	2
-0.000178419332073 0.894009356145
2017-09-06	0.014618	0.256218	0.647294	0.081871	2
-0.00148886448871 0.893849847593
2017-09-07	0.121901	0.667011	0.203365	0.007723	1
0.0108393092974 0.89518066889
2017-09-08	0.120221	0.687804	0.183839	0.008137	2
0.00336395885375 0.885477528742
2017-09-11	0.000992	0.038821	0.549621	0.410567	3
0.000757106005255 0.888456238715
2017-09-12	0.000420	0.020690	0.560129	0.418761	2
-0.00110071762386 0.889128894269
2017-09-13	0.000962	0.038674	0.660357	0.300006	2
0.00184719621388 0.888150214425
2017-09-14	0.000789	0.035797	0.636303	0.327111	3
0.00145590605664 0.889790802138
2017-09-15	0.002294	0.075388	0.737228	0.185090	2
0.00111020136388 0.891086253956
2017-09-18	0.016275	0.248781	0.675395	0.059548	2
0.000634352647332 0.892075539131
2017-09-19	0.007318	0.151116	0.743709	0.097857	2
-0.00304592064555 0.892641429611
2017-09-20	0.009955	0.171349	0.744479	0.074217	2
0.000647804501007 0.889922514651
2017-09-21	0.023861	0.293884	0.644452	0.037803	2
-0.00222206680468 0.890499010462
2017-09-22	0.008929	0.157131	0.775590	0.058350	1
7.21764305983e-05 0.888520262171
2017-09-25	0.040176	0.358175	0.582140	0.019508	1
0.00408512343261 0.888584392392
2017-09-26	0.040729	0.390260	0.550648	0.018363	1
0.00120464771204 0.892214369315
2017-09-27	0.012698	0.203903	0.734010	0.049389	2
0.00370509056735 0.893289173314
2017-09-28	0.006346	0.130257	0.784188	0.079209	2
0.0038739995922 0.896598890604
2017-09-29	0.001551	0.050585	0.758875	0.188990	2
0.00215885358706 0.90007231434
2017-10-02	0.000809	0.033039	0.673683	0.292469	3
0.00124671538295 0.902015438685
2017-10-03	0.001225	0.046752	0.695707	0.256316	2
0.00564679596807 0.903139995208
2017-10-04	0.003433	0.100324	0.720106	0.176137	3
-0.0010736382202 0.908239842491
2017-10-05	0.001192	0.049339	0.667588	0.281881	2
-0.00180443481996 0.907264721483
2017-10-06	0.003152	0.090540	0.742975	0.163332	2
0.00232240748527 0.905627621429
2017-10-09	0.011986	0.205521	0.712810	0.069683	2
0.00180350820984 0.907730857796
2017-10-10	0.008550	0.169552	0.754609	0.067288	2
-0.00168676914889 0.90936795785
2017-10-11	0.011822	0.202278	0.743259	0.042640	1
0.000878111154681 0.907834064034
2017-10-12	0.015738	0.229126	0.724968	0.030168	2
0.00175076480418 0.908631243252
2017-10-13	0.007436	0.148132	0.797694	0.046738	2
0.000672573179672 0.910222042853
2017-10-16	0.005128	0.122716	0.824704	0.047452	2
0.000742333992001 0.910834233786
2017-10-17	0.006434	0.149769	0.806956	0.036841	2
0.000328002623709 0.911510376999
2017-10-18	0.003063	0.100839	0.839666	0.056433	2
0.00511685706581 0.911809354794
2017-10-19	0.004984	0.141138	0.805407	0.048471	2
-0.00397249156379 0.916474952934
2017-10-20	0.002920	0.101502	0.823510	0.072068	2
0.0016179073521 0.912834263915
2017-10-23	0.006909	0.164474	0.782545	0.046072	2
-0.00466305732536 0.914311145182
2017-10-24	0.004920	0.135836	0.802569	0.056675	1
0.00127094622024 0.910047659899
2017-10-25	0.026578	0.348800	0.605079	0.019543	1
0.00807303577851 0.911204281532
2017-10-26	0.054578	0.484468	0.450315	0.010639	2
-0.00319247431521 0.911204281532
2017-10-27	0.005745	0.133193	0.796044	0.065018	2
0.000944446351121 0.908295285268
2017-10-30	0.011031	0.175339	0.766524	0.047107	2
0.00159211108781 0.909153121436
2017-10-31	0.004768	0.108271	0.806886	0.080074	2
0.000189969597498 0.910600594201
2017-11-01	0.003198	0.083243	0.812869	0.100689	2
0.00309707916751 0.910773580629
2017-11-02	0.014099	0.216137	0.727105	0.042659	2
0.00127125319683 0.913594318512
2017-11-03	0.011727	0.205234	0.735843	0.047196	2
-0.000189106690483 0.91475572821
2017-11-06	0.003762	0.102135	0.799226	0.094878	2
0.00144365876554 0.914582741782
2017-11-07	0.015988	0.246229	0.698658	0.039125	2
-0.00376190086887 0.915903087174
2017-11-08	0.008108	0.173000	0.758622	0.060270	2
-0.000897656100407 0.912457550554
2017-11-09	0.010693	0.201649	0.743844	0.043814	1
0.000983657979321 0.911638477468
2017-11-10	0.071029	0.509477	0.410084	0.009411	1
-0.00230962062218 0.910741737005
2017-11-13	0.047370	0.448429	0.488611	0.015591	1
-0.00552567576009 0.910741737005
2017-11-14	0.091682	0.563293	0.337567	0.007458	1
0.00819606771389 0.915774200545
2017-11-15	0.148416	0.624470	0.223017	0.004097	2
-0.00262596504641 0.908268453187
2017-11-16	0.007813	0.158712	0.747405	0.086070	1
0.00127568484884 0.905883371976
2017-11-17	0.047148	0.387976	0.539728	0.025149	1
0.00654112505678 0.907038993668
2017-11-20	0.020495	0.259323	0.666186	0.053996	2
-0.000750241436228 0.912972049157
2017-11-21	0.000857	0.032868	0.664033	0.302242	2
0.00205607828576 0.912287099696
2017-11-22	0.006982	0.135002	0.758748	0.099268	2
-0.00038425774411 0.914162833392
2017-11-24	0.002705	0.072270	0.751160	0.173866	2
0.00984850619464 0.913811559244
2017-11-27	0.004180	0.097028	0.761671	0.137121	3
-0.00036919879408 0.922811238046
2017-11-28	0.001432	0.048512	0.759950	0.190106	2
0.00819094661639 0.922470537249
2017-11-29	0.001933	0.058888	0.803838	0.135341	3
-0.00202452798312 0.930026444175
2017-11-30	0.000136	0.008990	0.595194	0.395681	3
-0.00105218339124 0.928143579614
2017-12-01	0.000535	0.025009	0.735133	0.239323	2
-0.00373935394399 0.927167002355
2017-12-04	0.002805	0.085456	0.806374	0.105366	2
-0.000114125118779 0.923699996768
2017-12-05	0.016970	0.275490	0.673286	0.034254	2
0.00293237286395 0.923594579396
2017-12-06	0.062607	0.526237	0.401246	0.009910	1
0.00550629887219 0.920886255714
2017-12-07	0.053872	0.512881	0.421460	0.011787	2
0.00320196115406 0.915815580763
2017-12-08	0.008245	0.182746	0.752227	0.056782	2
0.00154891559743 0.918747986677
2017-12-11	0.000497	0.024985	0.747785	0.226733	2
-0.000472953426362 0.920171049763
2017-12-12	0.000384	0.020458	0.744809	0.234349	2
-0.00407086377111 0.919735851713
2017-12-13	0.000467	0.025327	0.754116	0.220090	2
0.00897436284177 0.915991732355
2017-12-14	0.010442	0.212476	0.719551	0.057530	2
0.00536278714248 0.924212174521
2017-12-15	0.009286	0.220998	0.702173	0.067543	2
-0.00323025408267 0.929168527687
2017-12-18	0.003789	0.123821	0.754985	0.117404	2
-0.000827904097379 0.926167077257
2017-12-19	0.006801	0.166199	0.747062	0.079938	2
0.00198566763087 0.925400299739
2017-12-20	0.002411	0.083451	0.783836	0.130303	2
-0.000458173917679 0.92723783716
2017-12-21	0.005957	0.147977	0.773545	0.072522	2
-0.00105841969119 0.926813000968
2017-12-22	0.025648	0.325491	0.622331	0.026530	1
0.00079093452714 0.925832043837
2017-12-26	0.032886	0.362251	0.581500	0.023362	2
0.00183399058257 0.926564316367
2017-12-27	0.022897	0.310722	0.638763	0.027618	2
-0.00518314146022 0.928263626598
2017-12-28	0.015042	0.236314	0.715393	0.033250	1
0.00830337976356 0.923452304908
2017-12-29	0.028581	0.332885	0.615211	0.023324	2
0.0063988186705 0.93112008009
2018-01-02	0.002423	0.074741	0.794947	0.127889	2
0.00402862435668 0.937078148643
2018-01-03	0.001824	0.064582	0.770181	0.163413	3
0.0070337629727 0.940853284496
2018-01-04	0.001034	0.043287	0.744645	0.211034	3
0.00166235902748 0.947471023492
2018-01-05	0.000043	0.004069	0.378169	0.617719	3
0.0013029031448 0.949046060501
2018-01-08	0.000141	0.011046	0.520798	0.468015	3
-0.00111220554722 0.950282575598
2018-01-09	0.000696	0.039969	0.687816	0.271518	2
0.00703365438846 0.949225666046
2018-01-10	0.003634	0.125406	0.755016	0.115944	3
0.00674959145422 0.955902191317
2018-01-11	0.002927	0.105932	0.793669	0.097472	3
-0.00352449896635 0.962354140579
2018-01-12	0.001230	0.056319	0.830779	0.111672	2
0.00941507442732 0.958962324405
2018-01-16	0.000935	0.040253	0.856346	0.102467	3
-0.00161641493433 0.967991026062
2018-01-17	0.000114	0.009260	0.781532	0.209093	3
0.0043852281784 0.966426350911
2018-01-18	0.000275	0.017881	0.880559	0.101285	3
0.00806675443903 0.970664350978
2018-01-19	0.000321	0.021008	0.885223	0.093448	3
0.00217436118279 0.97849446194
2018-01-22	0.000117	0.011098	0.839538	0.149246	3
-0.000559995511301 0.980622062316
2018-01-23	0.000201	0.016801	0.851112	0.131887	2
0.000602634676516 0.980072918362
2018-01-24	0.000531	0.029846	0.853364	0.116259	2
0.0118411904552 0.980663544288
2018-01-25	0.000498	0.028044	0.842155	0.129304	3
-0.00673197858824 0.992275768089
2018-01-26	0.000233	0.017415	0.826788	0.155564	2
-0.0108988165535 0.985595788864
2018-01-29	0.002567	0.077167	0.861594	0.058671	1
0.000489011259412 0.974853961166
2018-01-30	0.012353	0.185857	0.765595	0.036195	1
-0.000648095989174 0.975330675729
2018-01-31	0.040967	0.341910	0.596193	0.020930	1
-0.0212085486077 0.97469856783
2018-02-01	0.130765	0.524408	0.337790	0.007037	0
-0.0409792457625 0.995370509784
2018-02-02	0.566189	0.402196	0.031395	0.000220	0
0.017440939298 1.03616004253
2018-02-05	0.875338	0.123287	0.001370	0.000004	0
-0.00500159565001 1.01808843812
2018-02-06	0.744604	0.244358	0.010944	0.000094	0
-0.037536415412 1.02318050483
2018-02-07	0.781109	0.202693	0.015995	0.000203	0
0.0149360712902 1.0615870333
2018-02-08	0.885482	0.110151	0.004339	0.000028	0
0.0139146036533 1.04573109369
2018-02-09	0.209346	0.313612	0.433632	0.043411	2
0.00261291415663 1.04573109369
2018-02-12	0.693894	0.265483	0.039510	0.001113	1
0.013402480469 1.04299868811
2018-02-13	0.159090	0.297679	0.412617	0.130614	2
0.0120691244101 1.04299868811
2018-02-14	0.001505	0.011005	0.209706	0.777784	3
0.000373462214411 1.05558676904
2018-02-15	0.032414	0.105930	0.334665	0.526990	3
-0.0058414036937 1.05598099081
2018-02-16	0.015155	0.069676	0.232812	0.682357	3
-0.00549649149934 1.04981257955
2018-02-20	0.098119	0.277398	0.236474	0.388009	2
0.000973557433799 1.04404229363
2018-02-21	0.580168	0.387089	0.023440	0.009303	2
0.0160283436146 1.04302585849
2018-02-22	0.769268	0.224286	0.005822	0.000624	2
0.011757034179 1.02630788163
2018-02-23	0.500478	0.369823	0.118033	0.011665	3
-0.0127068998163 1.01424154479
2018-02-26	0.004500	0.027873	0.435900	0.531727	2
-0.0110957701109 1.00135367909
2018-02-27	0.015763	0.096983	0.570132	0.317122	2
-0.0133244155557 0.990242888869
2018-02-28	0.179704	0.515514	0.272350	0.032431	1
0.00507161095548 1.00343729662
2018-03-01	0.650922	0.343474	0.005533	0.000071	0
0.0110320111472 0.998348253034
2018-03-02	0.839816	0.159584	0.000597	0.000003	0
0.0026388675472 0.987334463978
2018-03-05	0.373570	0.549117	0.073954	0.003359	1
-0.000483886321574 0.984729019103
2018-03-06	0.117248	0.664904	0.174203	0.043645	2
0.00446310693854 0.985205516006
2018-03-07	0.001706	0.016080	0.378693	0.603521	3
0.0173788321887 0.98960259358
2018-03-08	0.000232	0.003944	0.224850	0.770974	3
-0.00127400347833 1.00680073099
2018-03-09	0.000045	0.001665	0.290644	0.707646	3
-0.00636355469957 1.00551806335
2018-03-12	0.000747	0.010396	0.667293	0.321564	2
-0.00572452977335 0.999119394157
2018-03-13	0.001151	0.015644	0.710192	0.273014	2
-0.000781929673975 0.993399905438
2018-03-14	0.003087	0.026659	0.779376	0.190878	2
0.00170343563738 0.992623136573
2018-03-15	0.002691	0.020687	0.861711	0.114912	1
-0.0142041998394 0.994314006199
2018-03-16	0.007233	0.023491	0.936979	0.032298	0
0.00148179826467 0.980190571352
2018-03-19	0.699008	0.194153	0.104032	0.002807	0
-0.00184398631711 0.978738126664
2018-03-20	0.588717	0.268150	0.133365	0.009767	1
-0.0251628923004 0.980542906378
2018-03-21	0.257555	0.306391	0.369435	0.066619	0
-0.0209668690719 1.00521620193
2018-03-22	0.662920	0.277296	0.056287	0.003498	0
0.0271572407718 1.02629243842
2018-03-23	0.867965	0.129653	0.002348	0.000034	0
-0.0172762972297 0.998421167569
2018-03-26	0.390245	0.603435	0.005991	0.000329	0
-0.0029166506068 1.01567018842
2018-03-27	0.546107	0.451054	0.002690	0.000148	0
0.0137697120921 1.01863254349
2018-03-28	0.212808	0.779215	0.007166	0.000811	1
-0.022337410689 1.00460626664
2018-03-29	0.025036	0.843174	0.065922	0.065867	1
0.0126148780197 1.0270465694
2018-04-02	0.305679	0.691996	0.002174	0.000151	0
0.0115664480101 1.01409050221
2018-04-03	0.054806	0.928030	0.012548	0.004615	2
0.00686288400012 1.00236107713
2018-04-04	0.038146	0.777470	0.106602	0.077782	3
-0.0219202422256 0.995481989335
2018-04-05	0.166866	0.711872	0.086850	0.034412	1
0.00333653296064 1.01730319567
2018-04-06	0.202953	0.552724	0.168328	0.075995	2
0.0167269519175 1.01390893003
2018-04-09	0.245006	0.443046	0.228048	0.083900	3
-0.00552537363419 0.996949324108
2018-04-10	0.292210	0.479364	0.181382	0.047044	1
0.00825076956051 1.00245784162
2018-04-11	0.223085	0.361346	0.321036	0.094533	2
-0.0028866474724 0.994186792973
2018-04-12	0.008435	0.060658	0.408087	0.522820	3
0.00810906147649 0.99131692618
2018-04-13	0.004492	0.041459	0.410168	0.543881	3
0.010661502903 0.999355576077
2018-04-16	0.004464	0.061029	0.401211	0.533296	3
0.000831365798402 1.01001020845
2018-04-17	0.001092	0.032788	0.274476	0.691644	3
-0.0057261210691 1.0108498964
2018-04-18	0.001879	0.081044	0.330135	0.586941	2
-0.00853653587226 1.00506164751
2018-04-19	0.111651	0.741607	0.111635	0.035107	2
5.62142830044e-05 1.01364139231
2018-04-20	0.241727	0.738804	0.016736	0.002732	1
-0.0133805317025 1.01358441119
2018-04-23	0.149525	0.798657	0.041430	0.010388	0
0.00183704292796 1.02714670954
2018-04-24	0.848872	0.150467	0.000651	0.000010	0
0.0104341899839 1.02525979694
2018-04-25	0.753013	0.234568	0.011522	0.000897	1
0.00111363589408 1.01456204143
2018-04-26	0.614292	0.269102	0.089255	0.027351	1
-0.00818750475437 1.01343218873
2018-04-27	0.127547	0.121628	0.545386	0.205438	1
0.00254904552406 1.00513470786
2018-04-30	0.001104	0.004666	0.366474	0.627756	2
-0.00720585354829 1.00769684199
2018-05-01	0.007398	0.071726	0.351389	0.569487	1
-0.00225365854806 1.00043552613
2018-05-02	0.110724	0.448997	0.339397	0.100882	1
test acc:0.598160, look_back earning:1.002690
