###predict_type:binary, num_days_after:1
0.00176375405173 1.0
2017-01-17	0.505867	0.494133	1
-0.00360932983592 1.0
2017-01-18	0.419984	0.580016	0
0.00336627379925 0.996390670164
2017-01-19	0.794533	0.205467	1
-0.00269012144137 0.993036546357
2017-01-20	0.515521	0.484479	0
0.00656458590853 0.993036546357
2017-01-23	0.772715	0.227285	1
0.00802606902305 0.986517672638
2017-01-24	0.161616	0.838384	1
-0.000735390701437 0.994435531571
2017-01-25	0.015460	0.984540	1
-0.000866468156925 0.993704232928
2017-01-26	0.095176	0.904824	1
-0.00600952660314 0.992843219853
2017-01-27	0.076075	0.923925	1
-0.000889911915906 0.986876702111
2017-01-30	0.552852	0.447148	0
0.000298349607553 0.987754935447
2017-01-31	0.840323	0.159676	0
0.000570331863745 0.98746023915
2017-02-01	0.961438	0.038562	0
0.00726474747288 0.986897059112
2017-02-02	0.900018	0.099982	1
-0.00211532946154 0.979727501195
2017-02-03	0.290395	0.709605	1
0.000226820662193 0.977655054748
2017-02-06	0.135623	0.864376	1
0.000693303299784 0.977876807115
2017-02-07	0.092480	0.907520	1
0.0057525485474 0.978554772332
2017-02-08	0.228727	0.771273	1
0.00356605859229 0.984183956166
2017-02-09	0.155671	0.844329	1
0.00524584408075 0.987693613819
2017-02-10	0.226383	0.773617	1
0.0040073445721 0.992874900517
2017-02-13	0.029048	0.970952	1
0.00499229951521 0.99685369236
2017-02-14	0.010813	0.989187	1
-0.000864105565606 1.00183028457
2017-02-15	0.025984	0.974016	1
0.00167853886726 1.00096459744
2017-02-16	0.024933	0.975067	1
0.00604807865258 1.00264475542
2017-02-17	0.138316	0.861684	1
-0.00108219402727 1.00870882976
2017-02-21	0.043854	0.956146	1
0.000418990849113 1.00761721109
2017-02-22	0.167520	0.832480	1
0.00149335177136 1.00803939348
2017-02-23	0.257722	0.742278	1
0.00101797794073 1.0095447509
2017-02-24	0.135775	0.864225	1
-0.00257837324612 1.01057244518
2017-02-27	0.296012	0.703988	0
0.0136738680033 1.00796681223
2017-02-28	0.673763	0.326237	1
-0.0058599058415 0.994184007086
2017-03-01	0.051670	0.948330	1
0.000503879244638 0.988358182415
2017-03-02	0.241062	0.758938	1
-0.00327721628465 0.98885619559
2017-03-03	0.250431	0.749570	1
-0.00291338802458 0.985615499962
2017-03-06	0.214714	0.785286	1
-0.00228421004498 0.982744019568
2017-03-07	0.818226	0.181774	0
0.000799879812779 0.984988813329
2017-03-08	0.985781	0.014219	0
0.00326867847837 0.984200940662
2017-03-09	0.971401	0.028599	0
0.000366644172357 0.980983904228
2017-03-10	0.878471	0.121529	0
-0.00337901890481 0.980624232197
2017-03-13	0.575824	0.424176	0
0.00837472785305 0.983937780016
2017-03-14	0.283310	0.716690	1
-0.00162669897621 0.992177991148
2017-03-15	0.359638	0.640362	1
-0.00131432200297 0.990564016225
2017-03-16	0.488214	0.511786	1
-0.00200988121518 0.990564016225
2017-03-17	0.703531	0.296469	1
-0.0124079933599 0.992554932234
2017-03-20	0.595256	0.404744	0
0.00188991561505 1.00487054724
2017-03-21	0.966385	0.033615	0
-0.00106027379761 1.0029714267
2017-03-22	0.990556	0.009444	0
-0.000844004160344 1.00403485103
2017-03-23	0.985124	0.014876	0
-0.00101959061084 1.00488226062
2017-03-24	0.960404	0.039596	0
0.00725148265702 1.00590682914
2017-03-27	0.787645	0.212355	1
0.00108531860045 0.998612513211
2017-03-28	0.098219	0.901781	1
0.00293512017276 0.999696325946
2017-03-29	0.344762	0.655238	1
-0.00225505256391 1.0026305548
2017-03-30	0.132422	0.867578	1
-0.0016421327961 1.0003695702
2017-03-31	0.144276	0.855724	1
0.000559512278938 0.998726830516
2017-04-03	0.709384	0.290616	1
-0.00305483539484 0.998168030591
2017-04-04	0.661426	0.338574	0
0.0019294927644 1.00121726962
2017-04-05	0.886690	0.113310	0
-0.000827150910502 0.999285428144
2017-04-06	0.749491	0.250509	0
0.000687697937628 1.000111988
2017-04-07	0.630731	0.369269	0
-0.00143388660226 0.999424213044
2017-04-10	0.423330	0.576670	0
-0.00375995207708 0.997991152055
2017-04-11	0.333005	0.666995	0
-0.00681466000327 0.99423875315
2017-04-12	0.523898	0.476102	0
0.00861332360076 0.99423875315
2017-04-13	0.916902	0.083098	0
-0.00290339334443 0.985675053033
2017-04-17	0.686442	0.313558	0
-0.00171634247078 0.988536855421
2017-04-18	0.738648	0.261352	0
0.0075572780233 0.99023352321
2017-04-19	0.596700	0.403300	1
-0.00303509563319 0.982750053167
2017-04-20	0.040343	0.959657	1
0.0108400857857 0.979767312773
2017-04-21	0.304822	0.695178	1
0.00609068534384 0.990388074493
2017-04-24	0.079905	0.920095	1
-0.000485679935792 0.996420216623
2017-04-25	0.010096	0.989904	1
0.000552891160024 0.995936275316
2017-04-26	0.053893	0.946107	1
-0.00191311846683 0.996486919679
2017-04-27	0.048730	0.951270	1
0.00173227917121 0.994580522151
2017-04-28	0.104484	0.895516	1
0.00118903161669 0.996303413273
2017-05-01	0.599758	0.400242	1
-0.00127134420687 0.995118777015
2017-05-02	0.715599	0.284401	1
0.000582087264181 0.996383915508
2017-05-03	0.722641	0.277359	1
0.00408868726774 0.99580393312
2017-05-04	0.704043	0.295957	1
3.74694180361e-05 0.991732402258
2017-05-05	0.117748	0.882252	1
-0.00102526490282 0.991769561894
2017-05-08	0.186548	0.813452	1
0.00113061767312 0.99075273537
2017-05-09	0.513872	0.486128	1
-0.00216283352695 0.99075273537
2017-05-10	0.435653	0.564347	1
-0.0014784250797 0.988609902137
2017-05-11	0.799374	0.200626	0
0.00477652786719 0.99007148781
2017-05-12	0.846764	0.153236	1
-0.000686919282738 0.985342383758
2017-05-15	0.498780	0.501220	1
-0.0181782176717 0.985342383758
2017-05-16	0.701691	0.298309	0
0.00368684318825 1.00325415209
2017-05-17	0.989334	0.010666	0
0.00676749573069 0.999555311355
2017-05-18	0.981820	0.018180	0
0.00516011470654 0.992790825053
2017-05-19	0.938554	0.061446	0
0.00183787102865 0.987667910516
2017-05-22	0.762524	0.237476	0
0.00248913878675 0.985852704277
2017-05-23	0.110859	0.889141	1
0.00444195843611 0.988306628481
2017-05-24	0.033790	0.966211	1
0.000310549991903 0.992696645447
2017-05-25	0.055273	0.944727	1
-0.00120464268014 0.993004927382
2017-05-26	0.284471	0.715529	1
-0.000459984021782 0.991808711265
2017-05-30	0.301658	0.698342	1
0.00757115017829 0.991352495105
2017-05-31	0.836442	0.163558	1
0.00370772722864 0.983846816485
2017-06-01	0.362041	0.637959	1
-0.00121767717951 0.987494652116
2017-06-02	0.114570	0.885430	1
-0.00277903194536 0.986292202413
2017-06-05	0.113229	0.886771	1
0.001568251264 0.983551264875
2017-06-06	0.160549	0.839451	1
0.000267185622989 0.985093720389
2017-06-07	0.536226	0.463774	1
-0.000829981222702 0.985093720389
2017-06-08	0.766346	0.233654	0
-0.000978752102378 0.98591132968
2017-06-09	0.825767	0.174233	0
0.00451150307326 0.986876292466
2017-06-12	0.769270	0.230730	1
-0.000995840719739 0.98242399704
2017-06-13	0.486735	0.513265	1
-0.00223957317055 0.98242399704
2017-06-14	0.521824	0.478176	0
0.000283622341169 0.98242399704
2017-06-15	0.518426	0.481574	1
0.00834724568347 0.98242399704
2017-06-16	0.420969	0.579031	1
-0.00669666511783 0.990624531509
2017-06-19	0.171656	0.828344	0
-0.000582635420984 0.983990650764
2017-06-20	0.758771	0.241229	0
-0.000455779026372 0.984563958571
2017-06-21	0.449418	0.550582	1
0.00156089546108 0.984115214968
2017-06-22	0.430618	0.569382	1
0.000315834802936 0.98565131594
2017-06-23	0.722792	0.277208	0
-0.00807283070708 0.985340012951
2017-06-26	0.786184	0.213816	0
0.00880804209376 0.993294496065
2017-06-27	0.848333	0.151667	1
-0.00859998642187 0.984545516332
2017-06-28	0.345361	0.654639	0
0.00153320659586 0.97607843826
2017-06-29	0.821612	0.178388	0
0.00231083482823 0.97458190836
2017-06-30	0.601608	0.398392	0
0.00145326696885 0.972329810543
2017-07-03	0.521075	0.478925	1
-0.00936880791272 0.972329810543
2017-07-05	0.440380	0.559620	0
0.00640311235605 0.963220239321
2017-07-06	0.888572	0.111428	1
0.000927766224683 0.957052631905
2017-07-07	0.438093	0.561907	1
-0.000782679656372 0.957940553012
2017-07-10	0.327732	0.672268	0
0.00730561980268 0.957190792429
2017-07-11	0.720073	0.279927	1
0.00187459326716 0.950197920421
2017-07-12	0.059490	0.940510	1
0.00467348612144 0.951979155045
2017-07-13	0.089559	0.910442	1
-5.29018773863e-05 0.956428216414
2017-07-14	0.075228	0.924772	1
0.000597851305654 0.956377619566
2017-07-17	0.021848	0.978152	1
0.00537265127864 0.956949391174
2017-07-18	0.163493	0.836508	1
-0.00015364838515 0.962090746544
2017-07-19	0.137314	0.862686	1
-0.00036790717419 0.961942922855
2017-07-20	0.137071	0.862929	1
-0.0010637239438 0.961589017152
2017-07-21	0.203745	0.796255	1
0.00292318355419 0.960566151891
2017-07-24	0.233741	0.766259	1
0.000282665838396 0.963374063068
2017-07-25	0.231621	0.768379	1
-0.000972705917165 0.963646376006
2017-07-26	0.538724	0.461276	1
-0.00134110580593 0.963646376006
2017-07-27	0.441335	0.558665	0
-0.000728166306858 0.962354024256
2017-07-28	0.551190	0.448810	1
0.0024491357325 0.963054778032
2017-07-31	0.684393	0.315607	0
0.000492660549088 0.960696126162
2017-08-01	0.590836	0.409164	0
-0.00218367181619 0.960222829081
2017-08-02	0.644961	0.355039	0
0.00188911728566 0.962319640611
2017-08-03	0.611278	0.388722	1
0.00164718605447 0.960501705943
2017-08-04	0.479929	0.520071	1
-0.00241443673549 0.960501705943
2017-08-07	0.398706	0.601294	0
-0.000363607727264 0.95818263534
2017-08-08	0.661353	0.338647	0
-0.0144744181535 0.95853103795
2017-08-09	0.620247	0.379753	0
0.00127556691179 0.972405217007
2017-08-10	0.975263	0.024737	0
0.0100437464141 0.971164849087
2017-08-11	0.988915	0.011085	0
-0.000498815799127 0.961410715616
2017-08-14	0.873824	0.126176	0
0.00142010292013 0.961890282471
2017-08-15	0.761505	0.238495	0
-0.015436953157 0.960524299272
2017-08-16	0.253474	0.746526	0
-0.00183538339348 0.945696730658
2017-08-17	0.779521	0.220479	0
0.00116266413803 0.947432446733
2017-08-18	0.971072	0.028928	0
0.00994078291443 0.946330901003
2017-08-21	0.990457	0.009543	0
-0.00345360467439 0.936923630951
2017-08-22	0.897734	0.102266	0
-0.00207443413365 0.940159394783
2017-08-23	0.792815	0.207185	1
0.00167283730427 0.942109693522
2017-08-24	0.247972	0.752028	1
0.000487096047973 0.943685689762
2017-08-25	0.100235	0.899765	1
0.000842797761267 0.944145355332
2017-08-28	0.689792	0.310208	0
0.00461517393615 0.943349631741
2017-08-29	0.713449	0.286551	1
0.00572097031153 0.938995909108
2017-08-30	0.530402	0.469598	1
0.00198252187739 0.938995909108
2017-08-31	0.049145	0.950855	1
-0.00755078637621 0.94085748904
2017-09-01	0.018796	0.981204	1
0.00312870992417 0.93375327513
2017-09-05	0.088759	0.911241	1
-0.000178419332073 0.936674718269
2017-09-06	0.467750	0.532250	1
-0.00148886448871 0.936674718269
2017-09-07	0.855690	0.144310	0
0.0108393092974 0.938069299994
2017-09-08	0.912473	0.087527	1
0.00336395885375 0.927901276709
2017-09-11	0.065511	0.934489	1
0.000757106005255 0.931022698424
2017-09-12	0.009180	0.990820	1
-0.00110071762386 0.9317275813
2017-09-13	0.058521	0.941479	1
0.00184719621388 0.930702012331
2017-09-14	0.040070	0.959930	1
0.00145590605664 0.932421201564
2017-09-15	0.091227	0.908773	1
0.00111020136388 0.933778719239
2017-09-18	0.429444	0.570556	1
0.000634352647332 0.934815401647
2017-09-19	0.222490	0.777510	1
-0.00304592064555 0.935408404271
2017-09-20	0.291009	0.708991	1
0.000647804501007 0.932559224501
2017-09-21	0.534182	0.465818	1
-0.00222206680468 0.932559224501
2017-09-22	0.477878	0.522122	0
7.21764305983e-05 0.932559224501
2017-09-25	0.810489	0.189511	0
0.00408512343261 0.932491915705
2017-09-26	0.861509	0.138491	0
0.00120464771204 0.928682571129
2017-09-27	0.645517	0.354483	1
0.00370509056735 0.927563835795
2017-09-28	0.341104	0.658896	1
0.0038739995922 0.931000543813
2017-09-29	0.095152	0.904848	1
0.00215885358706 0.93460723954
2017-10-02	0.044152	0.955848	1
0.00124671538295 0.936624919732
2017-10-03	0.091980	0.908020	1
0.00564679596807 0.937792624427
2017-10-04	0.251912	0.748088	1
-0.0010736382202 0.943088148038
2017-10-05	0.067344	0.932656	1
-0.00180443481996 0.942075612557
2017-10-06	0.224202	0.775798	1
0.00232240748527 0.940375698519
2017-10-09	0.569041	0.430959	1
0.00180350820984 0.938191762958
2017-10-10	0.514890	0.485110	1
-0.00168676914889 0.938191762958
2017-10-11	0.711629	0.288371	0
0.000878111154681 0.939774275879
2017-10-12	0.870353	0.129647	1
0.00175076480418 0.938949049605
2017-10-13	0.684611	0.315389	1
0.000672573179672 0.937305170656
2017-10-16	0.551985	0.448015	1
0.000742333992001 0.936674764337
2017-10-17	0.687515	0.312485	1
0.000328002623709 0.93597943882
2017-10-18	0.564048	0.435953	1
0.00511685706581 0.935672435108
2017-10-19	0.608451	0.391549	1
-0.00397249156379 0.930884732997
2017-10-20	0.332307	0.667693	1
0.0016179073521 0.927186801248
2017-10-23	0.597450	0.402550	1
-0.00466305732536 0.925686698906
2017-10-24	0.399228	0.600772	0
0.00127094622024 0.921370168764
2017-10-25	0.805700	0.194300	0
0.00807303577851 0.92019915683
2017-10-26	0.880728	0.119272	1
-0.00319247431521 0.912770356114
2017-10-27	0.530058	0.469942	1
0.000944446351121 0.912770356114
2017-10-30	0.428413	0.571587	1
0.00159211108781 0.913632418746
2017-10-31	0.186108	0.813892	1
0.000189969597498 0.91508702305
2017-11-01	0.102183	0.897817	1
0.00309707916751 0.915260861763
2017-11-02	0.337920	0.662080	1
0.00127125319683 0.918095497111
2017-11-03	0.536869	0.463131	1
-0.000189106690483 0.918095497111
2017-11-06	0.129026	0.870974	1
0.00144365876554 0.91792187911
2017-11-07	0.298549	0.701451	1
-0.00376190086887 0.919247045077
2017-11-08	0.270593	0.729407	1
-0.000897656100407 0.91578892882
2017-11-09	0.396516	0.603484	0
0.000983657979321 0.914966865301
2017-11-10	0.836530	0.163470	0
-0.00230962062218 0.914066850843
2017-11-13	0.812712	0.187288	0
-0.00552567576009 0.916177998492
2017-11-14	0.908761	0.091239	0
0.00819606771389 0.92124050105
2017-11-15	0.947308	0.052692	1
-0.00262596504641 0.913689951523
2017-11-16	0.304570	0.695430	0
0.00127568484884 0.911290633647
2017-11-17	0.655565	0.344435	0
0.00654112505678 0.910128113992
2017-11-20	0.446807	0.553193	1
-0.000750241436228 0.916081375804
2017-11-21	0.048507	0.951493	1
0.00205607828576 0.915394093597
2017-11-22	0.129524	0.870476	1
-0.00038425774411 0.917276215515
2017-11-24	0.149820	0.850180	1
0.00984850619464 0.916923745026
2017-11-27	0.092235	0.907765	1
-0.00036919879408 0.925954074209
2017-11-28	0.045097	0.954903	1
0.00819094661639 0.925612213081
2017-11-29	0.155646	0.844354	1
-0.00202452798312 0.933193853306
2017-11-30	0.012262	0.987738	1
-0.00105218339124 0.931304576237
2017-12-01	0.023709	0.976291	1
-0.00373935394399 0.930324673029
2017-12-04	0.143133	0.856867	1
-0.000114125118779 0.926845859794
2017-12-05	0.406702	0.593298	1
0.00293237286395 0.9267400834
2017-12-06	0.768309	0.231691	0
0.00550629887219 0.924022535928
2017-12-07	0.885842	0.114158	1
0.00320196115406 0.91893459168
2017-12-08	0.399532	0.600468	1
0.00154891559743 0.921876984546
2017-12-11	0.047160	0.952840	1
-0.000472953426362 0.923304894186
2017-12-12	0.027464	0.972536	1
-0.00407086377111 0.922868213973
2017-12-13	0.032922	0.967078	1
0.00897436284177 0.919111343195
2017-12-14	0.575261	0.424740	1
0.00536278714248 0.910862904509
2017-12-15	0.261605	0.738395	1
-0.00323025408267 0.915747668382
2017-12-18	0.100965	0.899035	1
-0.000827904097379 0.912789570738
2017-12-19	0.239188	0.760812	1
0.00198566763087 0.912033868512
2017-12-20	0.078306	0.921694	1
-0.000458173917679 0.913844864643
2017-12-21	0.191923	0.808077	1
-0.00105841969119 0.913426164761
2017-12-22	0.739541	0.260459	0
0.00079093452714 0.914392953
2017-12-26	0.867834	0.132166	1
0.00183399058257 0.913669728042
2017-12-27	0.718240	0.281760	1
-0.00518314146022 0.911994066366
2017-12-28	0.672434	0.327566	0
0.00830337976356 0.916721060623
2017-12-29	0.826721	0.173279	1
0.0063988186705 0.909109177519
2018-01-02	0.229665	0.770335	1
0.00402862435668 0.914926402298
2018-01-03	0.096546	0.903454	1
0.0070337629727 0.918612297086
2018-01-04	0.060559	0.939441	1
0.00166235902748 0.925073598248
2018-01-05	0.010588	0.989412	1
0.0013029031448 0.926611402695
2018-01-08	0.012407	0.987593	1
-0.00111220554722 0.927818687606
2018-01-09	0.042669	0.957331	1
0.00703365438846 0.926786762514
2018-01-10	0.132259	0.867741	1
0.00674959145422 0.933305460294
2018-01-11	0.077870	0.922130	1
-0.00352449896635 0.939604890853
2018-01-12	0.061746	0.938254	1
0.00941507442732 0.936293254386
2018-01-16	0.085265	0.914735	1
-0.00161641493433 0.945108525062
2018-01-17	0.012103	0.987897	1
0.0043852281784 0.943580837528
2018-01-18	0.023773	0.976227	1
0.00806675443903 0.947718654805
2018-01-19	0.047224	0.952776	1
0.00217436118279 0.95536366847
2018-01-22	0.013708	0.986292	1
-0.000559995511301 0.957440974147
2018-01-23	0.013581	0.986419	1
0.000602634676516 0.956904811499
2018-01-24	0.074974	0.925026	1
0.0118411904552 0.95748147552
2018-01-25	0.027365	0.972635	1
-0.00673197858824 0.968819196029
2018-01-26	0.010211	0.989788	1
-0.0108988165535 0.962297125946
2018-01-29	0.373015	0.626985	0
0.000489011259412 0.9518092261
2018-01-30	0.675151	0.324849	0
-0.000648095989174 0.951343780672
2018-01-31	0.900327	0.099673	0
-0.0212085486077 0.95196034276
2018-02-01	0.965431	0.034569	0
-0.0409792457625 0.972150039962
2018-02-02	0.996133	0.003867	0
0.017440939298 1.01198801537
2018-02-05	0.997578	0.002422	0
-0.00500159565001 0.994337993822
2018-02-06	0.996036	0.003964	0
-0.037536415412 0.999311270406
2018-02-07	0.995181	0.004819	0
0.0149360712902 1.03682183338
2018-02-08	0.995842	0.004158	0
0.0139146036533 1.02133578856
2018-02-09	0.986774	0.013226	1
0.00261291415663 1.00712430586
2018-02-12	0.763053	0.236947	0
0.013402480469 1.00449277651
2018-02-13	0.827750	0.172250	1
0.0120691244101 0.99103008169
2018-02-14	0.112926	0.887074	1
0.000373462214411 1.00299094704
2018-02-15	0.034278	0.965722	1
-0.0058414036937 1.00336552626
2018-02-16	0.406981	0.593019	1
-0.00549649149934 0.997504463169
2018-02-20	0.121378	0.878622	1
0.000973557433799 0.992021688367
2018-02-21	0.929496	0.070505	1
0.0160283436146 0.991055898277
2018-02-22	0.965027	0.034973	1
0.011757034179 0.975170913799
2018-02-23	0.692962	0.307038	1
-0.0127068998163 0.963705796035
2018-02-26	0.065717	0.934283	1
-0.0110957701109 0.951460083032
2018-02-27	0.137426	0.862573	1
-0.0133244155557 0.940902900681
2018-02-28	0.694539	0.305461	0
0.00507161095548 0.953439881927
2018-03-01	0.967030	0.032970	0
0.0110320111472 0.948604405777
2018-03-02	0.994364	0.005636	0
0.0026388675472 0.938139391398
2018-03-05	0.985256	0.014744	0
-0.000483886321574 0.935663765803
2018-03-06	0.810550	0.189450	1
0.00446310693854 0.936116520701
2018-03-07	0.190075	0.809925	1
0.0173788321887 0.94029450884
2018-03-08	0.015165	0.984835	1
-0.00127400347833 0.956635729317
2018-03-09	0.005497	0.994503	1
-0.00636355469957 0.95541697207
2018-03-12	0.024412	0.975588	1
-0.00572452977335 0.949337123908
2018-03-13	0.165161	0.834839	1
-0.000781929673975 0.943902615277
2018-03-14	0.360016	0.639984	1
0.00170343563738 0.943164549813
2018-03-15	0.456471	0.543529	0
-0.0142041998394 0.943164549813
2018-03-16	0.807617	0.192383	0
0.00148179826467 0.95656144756
2018-03-19	0.955633	0.044367	0
-0.00184398631711 0.955144016467
2018-03-20	0.872088	0.127912	0
-0.0251628923004 0.956905288964
2018-03-21	0.661759	0.338241	0
-0.0209668690719 0.980983793692
2018-03-22	0.873981	0.126019	0
0.0271572407718 1.00155195246
2018-03-23	0.963125	0.036875	0
-0.0172762972297 0.974352564937
2018-03-26	0.864682	0.135318	0
-0.0029166506068 0.991185769456
2018-03-27	0.940402	0.059598	0
0.0137697120921 0.994076712032
2018-03-28	0.835160	0.164840	0
-0.022337410689 0.98038856191
2018-03-29	0.075006	0.924994	0
0.0126148780197 0.958489219967
2018-04-02	0.811180	0.188820	0
0.0115664480101 0.946397995374
2018-04-03	0.572199	0.427801	1
0.00686288400012 0.935451532164
2018-04-04	0.327371	0.672629	1
-0.0219202422256 0.941871427517
2018-04-05	0.711978	0.288022	0
0.00333653296064 0.962517477353
2018-04-06	0.870130	0.129870	1
0.0167269519175 0.959306006065
2018-04-09	0.584766	0.415234	1
-0.00552537363419 0.943259740627
2018-04-10	0.800145	0.199855	0
0.00825076956051 0.948471603128
2018-04-11	0.877552	0.122448	1
-0.0028866474724 0.940645982496
2018-04-12	0.311440	0.688560	1
0.00810906147649 0.937930669149
2018-04-13	0.483239	0.516761	1
0.010661502903 0.937930669149
2018-04-16	0.119598	0.880401	1
0.000831365798402 0.947930419701
2018-04-17	0.087227	0.912773	1
-0.0057261210691 0.948718496631
2018-04-18	0.101895	0.898105	1
-0.00853653587226 0.943286019659
2018-04-19	0.578411	0.421589	1
5.62142830044e-05 0.951338414603
2018-04-20	0.667087	0.332913	0
-0.0133805317025 0.951284935796
2018-04-23	0.700287	0.299713	0
0.00183704292796 0.964013634038
2018-04-24	0.957943	0.042057	0
0.0104341899839 0.962242699609
2018-04-25	0.953898	0.046102	0
0.00111363589408 0.952202476471
2018-04-26	0.711064	0.288936	0
-0.00818750475437 0.951142069614
2018-04-27	0.477469	0.522531	0
0.00254904552406 0.951142069614
2018-04-30	0.501525	0.498475	1
-0.00720585354829 0.951142069614
2018-05-01	0.147813	0.852187	0
-0.00225365854806 0.944288279157
2018-05-02	0.568345	0.431655	0
test acc:0.748466, look_back earning:0.946416
