###predict_type:binary, num_days_after:5
0.00537071927522 1.0
2017-01-17	0.895449	0.104551	0
0.0116555824294 0.994629280725
2017-01-18	0.096509	0.903491	1
0.0145735509091 1.00622226429
2017-01-19	0.119608	0.880392	1
0.0102935305928 1.02088649569
2017-01-20	0.149185	0.850815	1
0.00693091117782 1.03139502206
2017-01-23	0.127848	0.872152	1
-0.000526299608069 1.03854352935
2017-01-24	0.032249	0.967751	1
-0.00818845494031 1.0379969443
2017-01-25	0.009228	0.990772	1
-0.0068924711711 1.02949735309
2017-01-26	0.006778	0.993222	1
0.00118970323615 1.02240157226
2017-01-27	0.016680	0.983320	0
0.00511210509501 1.02361792672
2017-01-30	0.018031	0.981969	0
0.00623554629112 1.02885076914
2017-01-31	0.011152	0.988848	0
0.00663284420171 1.03526621574
2017-02-01	0.964646	0.035354	1
0.0118464602299 1.02839945622
2017-02-02	0.893487	0.106513	1
0.00813094724217 1.01621656296
2017-02-03	0.482568	0.517432	1
0.0155677052916 1.01621656296
2017-02-06	0.442506	0.557494	1
0.0194062126308 1.03203672293
2017-02-07	0.696861	0.303139	1
0.0237855998373 1.01200879884
2017-02-08	0.257246	0.742754	1
0.0170503097206 1.03608003516
2017-02-09	0.462787	0.537213	1
0.0151374286457 1.03608003516
2017-02-10	0.489895	0.510105	1
0.0159475571781 1.03608003516
2017-02-13	0.222520	0.777480	1
0.0107974909608 1.05260298076
2017-02-14	0.075970	0.924030	1
0.00619776524423 1.06396845193
2017-02-15	0.059798	0.940202	1
0.00857188503847 1.07056267863
2017-02-16	0.179920	0.820080	1
0.00790677826719 1.07973941883
2017-02-17	0.581989	0.418011	1
-0.000735611222535 1.07120215866
2017-02-21	0.904933	0.095067	1
0.014025570546 1.07199014699
2017-02-22	0.912030	0.087970	1
0.00766127532834 1.05695487356
2017-02-23	0.516914	0.483086	1
0.00666570891103 1.05695487356
2017-02-24	0.415511	0.584489	1
0.0023462812533 1.06400022708
2017-02-27	0.254876	0.745124	1
0.00200961237793 1.06649667087
2017-02-28	0.148812	0.851188	1
-0.0137648374764 1.06863991578
2017-03-01	0.094737	0.905263	1
-0.00715800728647 1.05393026102
2017-03-02	0.260781	0.739219	0
-0.00441438096217 1.04638622053
2017-03-03	0.341879	0.658121	0
-0.000774677798912 1.04176707312
2017-03-06	0.469195	0.530805	0
-0.00124130743844 1.04176707312
2017-03-07	0.449567	0.550433	0
0.00942877214365 1.0404739199
2017-03-08	0.544788	0.455212	0
0.0069812714026 1.0404739199
2017-03-09	0.227271	0.772729	1
0.00238131154087 1.04773775072
2017-03-10	0.109960	0.890040	1
0.0 1.05023274072
2017-03-13	0.096305	0.903695	1
-0.00905958697077 1.05023274072
2017-03-14	0.250252	0.749748	1
-0.0154322799192 1.04071806587
2017-03-15	0.431223	0.568777	0
-0.0148736873105 1.02465741336
2017-03-16	0.490121	0.509879	0
-0.014409755072 1.02465741336
2017-03-17	0.366706	0.633294	0
-0.0134317686762 1.009892351
2017-03-20	0.182887	0.817113	0
0.00620732758253 0.996327710551
2017-03-21	0.132858	0.867142	0
0.00539926334391 1.00251224303
2017-03-22	0.134898	0.865102	0
0.00942049310304 1.00792507064
2017-03-23	0.077085	0.922915	0
0.00799494876236 1.01742022181
2017-03-24	0.020532	0.979468	1
0.00736678891835 1.02555444436
2017-03-27	0.010380	0.989620	1
0.000674052469333 1.03310948747
2017-03-28	0.013712	0.986288	1
-0.00346440066682 1.03380585747
2017-03-29	0.717642	0.282358	1
-0.0044636113754 1.03738737517
2017-03-30	0.960862	0.039138	1
-0.00303887045439 1.04201786926
2017-03-31	0.984109	0.015891	0
-0.000712299235544 1.04518442658
2017-04-03	0.965437	0.034563	0
-0.00270316430679 1.04592891065
2017-04-04	0.912402	0.087598	0
-0.00340852971801 1.04875622835
2017-04-05	0.823125	0.176875	0
-0.0121060958901 1.05233094512
2017-04-06	0.737242	0.262758	0
-0.00277218811822 1.06507056445
2017-04-07	0.535929	0.464071	0
-0.00635086317224 1.06507056445
2017-04-10	0.267946	0.732054	0
-0.00663192821759 1.05830644702
2017-04-11	0.335127	0.664873	0
0.0046526763977 1.05128783463
2017-04-12	0.674048	0.325952	0
0.00847587968827 1.04639653254
2017-04-13	0.970863	0.029137	0
0.0107023384319 1.03752740142
2017-04-17	0.972858	0.027142	1
0.0198191444682 1.02642343204
2017-04-18	0.910835	0.089165	1
0.0210763554864 1.00608059775
2017-04-19	0.748174	0.251826	1
0.0139779860272 0.984876085428
2017-04-20	0.267384	0.732616	1
0.0151191095938 0.998642669589
2017-04-21	0.242528	0.757472	1
0.00597274839301 1.01374125756
2017-04-24	0.194033	0.805967	1
0.00107166925234 1.01979607902
2017-04-25	0.082084	0.917916	1
0.000284780833106 1.02088896312
2017-04-26	0.304513	0.695487	1
0.000313969113812 1.02117969273
2017-04-27	0.624187	0.375813	1
0.00632916701619 1.02085907385
2017-04-28	0.944431	0.055569	1
0.00462657988525 1.01439788627
2017-05-01	0.997192	0.002808	1
0.00240468065444 1.00970469342
2017-05-02	0.998730	0.001270	1
0.00481548344585 1.00727667607
2017-05-03	0.999095	0.000905	1
0.00205894907764 1.00242615191
2017-05-04	0.997530	0.002470	1
-0.00349690950239 1.00036220751
2017-05-05	0.988318	0.011682	1
0.00122539994604 1.00386038362
2017-05-08	0.951834	0.048166	1
0.00156450785026 1.00263025316
2017-05-09	0.912006	0.087994	1
-0.017752695947 1.00106163026
2017-05-10	0.765343	0.234657	0
-0.0119944125555 1.01883317301
2017-05-11	0.724425	0.275575	0
-0.00383533413507 1.03105347841
2017-05-12	0.758530	0.241470	0
-0.00345503498888 1.03500791301
2017-05-15	0.536944	0.463056	0
-0.000937238393333 1.03500791301
2017-05-16	0.421464	0.578536	0
0.0200930408183 1.03403786386
2017-05-17	0.172949	0.827051	0
0.0208604991292 1.05481482886
2017-05-18	0.277966	0.722034	1
0.0143131673196 1.07681879268
2017-05-19	0.126365	0.873635	1
0.00789045204301 1.09223148023
2017-05-22	0.035337	0.964663	1
0.00557871455286 1.10084968035
2017-05-23	0.021187	0.978813	1
0.0106763882181 1.10699100648
2017-05-24	0.034720	0.965280	1
0.00993759974089 1.11880967222
2017-05-25	0.059551	0.940449	1
0.00839466481796 1.12992795493
2017-05-26	0.330701	0.669299	1
0.00680514427828 1.13941332138
2017-05-30	0.757911	0.242089	1
0.0088481217348 1.13165944933
2017-05-31	0.775841	0.224159	1
0.00153490030967 1.12164638876
2017-06-01	0.268543	0.731457	1
-0.00299298490847 1.12336800415
2017-06-02	0.062741	0.937259	1
-0.002754484514 1.12000578067
2017-06-05	0.065553	0.934447	1
0.00453622996727 1.11692074209
2017-06-06	0.139434	0.860566	1
0.0019645397291 1.12198735143
2017-06-07	0.444879	0.555121	1
-0.000546472785244 1.12419154016
2017-06-08	0.927756	0.072244	1
0.000567446756889 1.12480588024
2017-06-09	0.898251	0.101749	1
0.00990787851715 1.12416761279
2017-06-12	0.642708	0.357292	1
-0.00136050151165 1.11302949665
2017-06-13	0.295377	0.704623	1
-0.000947447042866 1.11151521834
2017-06-14	0.304155	0.695845	1
0.000838657161885 1.11046211653
2017-06-15	0.766641	0.233359	1
0.00211663901184 1.10953081953
2017-06-16	0.844444	0.155556	1
-0.00586514554955 1.10718234331
2017-06-19	0.739372	0.260628	0
-0.00724246316213 1.1136761289
2017-06-20	0.785459	0.214541	0
0.00208563759856 1.12174188724
2017-06-21	0.722941	0.277059	0
-0.00607927705894 1.11940234019
2017-06-22	0.506349	0.493651	0
-0.00610675470615 1.11940234019
2017-06-23	0.200639	0.799361	0
-0.00412456370155 1.11256642468
2017-06-26	0.246524	0.753476	0
0.00543945165453 1.10797757359
2017-06-27	0.320625	0.679375	0
-0.0126767025995 1.11400436403
2017-06-28	0.048186	0.951814	0
0.00226470223581 1.09988246201
2017-06-29	0.058813	0.941187	0
0.00165881966563 1.10237336828
2017-06-30	0.101223	0.898777	0
-0.00143268245088 1.10420200691
2017-07-03	0.211163	0.788837	0
0.00440280529817 1.10262003607
2017-07-05	0.355032	0.644968	0
0.0158025106339 1.10747465741
2017-07-06	0.453074	0.546926	1
0.0140567303894 1.10747465741
2017-07-07	0.313503	0.686497	1
0.013063199065 1.12304213008
2017-07-10	0.200274	0.799726	1
0.0144628596637 1.13771265298
2017-07-11	0.185521	0.814479	1
0.0125161567584 1.15416723142
2017-07-12	0.151819	0.848181	1
0.0104663718287 1.16861296941
2017-07-13	0.689205	0.310795	1
0.00539591016846 1.15638183155
2017-07-14	0.552386	0.447614	1
0.00437958003121 1.15014209907
2017-07-17	0.705962	0.294038	1
0.00671370080128 1.1451049597
2017-07-18	0.939295	0.060705	1
0.00161692591581 1.13741706761
2017-07-19	0.974981	0.025019	1
0.000796417958722 1.13557794848
2017-07-20	0.990390	0.009610	1
-0.000177914209679 1.13467355381
2017-07-21	0.994163	0.005837	1
0.000157940984001 1.13487542836
2017-07-24	0.990066	0.009934	1
-0.000314799801173 1.13469618501
2017-07-25	0.985290	0.014710	1
-0.000104930519651 1.13505338715
2017-07-26	0.970488	0.029512	1
-0.00131694828825 1.13517248889
2017-07-27	0.130967	0.869033	0
0.0019133529423 1.13367752542
2017-07-28	0.075474	0.924526	1
0.00429498441485 1.13584665065
2017-07-31	0.076784	0.923216	1
-0.000577543538775 1.14072509431
2017-08-01	0.048653	0.951347	1
-0.00143289588456 1.14006627591
2017-08-02	0.035521	0.964479	1
-0.0137328900125 1.13843267963
2017-08-03	0.250615	0.749385	0
-0.0143368735708 1.12279870886
2017-08-04	0.283675	0.716325	0
-0.00607430362546 1.10670128572
2017-08-07	0.317367	0.682633	0
-0.00416571057512 1.09997884609
2017-08-08	0.460082	0.539918	0
-0.00238878424588 1.09997884609
2017-08-09	0.509173	0.490827	0
-0.00336312294675 1.09997884609
2017-08-10	0.884484	0.115516	0
-0.00645966090231 1.10367821019
2017-08-11	0.740537	0.259463	0
-0.0151956325149 1.11080759717
2017-08-14	0.238617	0.761383	0
-0.00490953924112 1.09392817313
2017-08-15	0.041121	0.958879	0
-0.00975244175695 1.08855748984
2017-08-16	0.036760	0.963240	0
0.00368722762458 1.07794139632
2017-08-17	0.858409	0.141591	0
0.0072148584857 1.07396678102
2017-08-18	0.953831	0.046169	0
0.0065352064745 1.06621826268
2017-08-21	0.982609	0.017391	1
-0.00253209976718 1.05925030619
2017-08-22	0.990607	0.009393	1
0.00554414003044 1.06193243364
2017-08-23	0.992377	0.007623	1
0.013399057799 1.05604493152
2017-08-24	0.995641	0.004359	1
0.013712367737 1.04189492445
2017-08-25	0.995782	0.004218	1
0.00556823388865 1.0276080781
2017-08-28	0.996481	0.003520	1
0.0078649388873 1.02188611598
2017-08-29	0.996571	0.003429	1
0.00305583913282 1.01384904412
2017-08-30	0.983721	0.016279	1
-0.00413488981591 1.01075088454
2017-08-31	0.084961	0.915039	1
0.00466782419091 1.006571541
2017-09-01	0.357301	0.642699	1
0.0157169470994 1.01127003999
2017-09-05	0.878110	0.121890	1
0.013315581982 0.995375962269
2017-09-06	0.924025	0.075975	1
0.012380835975 0.982121952041
2017-09-07	0.831960	0.168040	1
0.015763235833 0.969962461245
2017-09-08	0.382325	0.617675	1
0.0063341248444 0.985252208271
2017-09-11	0.540192	0.459808	1
0.00407369576364 0.985252208271
2017-09-12	0.375326	0.624674	1
0.00395053559118 0.989265826018
2017-09-13	0.297714	0.702286	1
0.00199549602922 0.993173955873
2017-09-14	0.098652	0.901348	1
0.000795926774737 0.995155830558
2017-09-15	0.036940	0.963060	1
-0.0028796222296 0.995947901728
2017-09-18	0.015189	0.984811	1
-0.00391351021936 0.993079948011
2017-09-19	0.005584	0.994416	0
-0.000478423117405 0.989193519486
2017-09-20	0.001844	0.998156	0
0.00378309190662 0.988720266439
2017-09-21	0.009954	0.990046	0
0.00684995723797 0.992460686077
2017-09-22	0.007084	0.992916	1
0.0130014504579 0.999258999337
2017-09-25	0.023777	0.976223	1
0.015115104888 1.01225081571
2017-09-26	0.131108	0.868892	1
0.0122455166252 1.02755109296
2017-09-27	0.161531	0.838469	1
0.0167366510467 1.04013398696
2017-09-28	0.513406	0.486594	1
0.0118958778461 1.04013398696
2017-09-29	0.340156	0.659844	1
0.00617206751075 1.05250729381
2017-10-02	0.343787	0.656213	1
0.00633627637177 1.05900343988
2017-10-03	0.596368	0.403632	1
0.00689589950113 1.05229330141
2017-10-04	0.789719	0.210281	1
-0.000446774561561 1.04503679255
2017-10-05	0.518189	0.481811	1
0.00150619960907 1.04503679255
2017-10-06	0.395341	0.604659	1
0.005073190476 1.04661082656
2017-10-09	0.345977	0.654023	1
0.0034188283497 1.05192048264
2017-10-10	0.270292	0.729708	1
0.00235594308167 1.05551681821
2017-10-11	0.431220	0.568780	1
0.00437887375894 1.05800355575
2017-10-12	0.994682	0.005318	1
0.00863244549452 1.05337069175
2017-10-13	0.995885	0.004115	1
0.00286987233817 1.04427752666
2017-10-16	0.996145	0.003855	1
0.00381728229646 1.04128058348
2017-10-17	0.993818	0.006182	1
-0.00160471799036 1.03730572154
2017-10-18	0.711031	0.288969	1
-0.000663596242785 1.03897030469
2017-10-19	0.610768	0.389232	1
0.00227558140889 1.03965976148
2017-10-20	0.465035	0.534965	1
0.00306049169974 1.03965976148
2017-10-23	0.601233	0.398767	1
0.00238606074376 1.03647789141
2017-10-24	0.361780	0.638220	1
0.00868552915103 1.03895099062
2017-10-25	0.483874	0.516126	1
0.00759654771116 1.03895099062
2017-10-26	0.471884	0.528116	1
0.00262294309635 1.03895099062
2017-10-27	0.383399	0.616601	1
0.00711271218414 1.04167609995
2017-10-30	0.317339	0.682661	1
0.00597217368343 1.04908524224
2017-10-31	0.151995	0.848005	1
0.00582307216429 1.05535056151
2017-11-01	0.202089	0.797911	1
0.00184894463442 1.06149594399
2017-11-02	0.247076	0.752924	1
-0.00214082006071 1.06345859122
2017-11-03	0.259037	0.740963	1
-0.00242743522816 1.06118191774
2017-11-06	0.073250	0.926750	1
-0.00454320185526 1.05860596737
2017-11-07	0.048883	0.951117	0
-0.0114708720955 1.05379650677
2017-11-08	0.018387	0.981613	0
0.000394564756345 1.04170854183
2017-11-09	0.019639	0.980361	0
-0.00133597955311 1.0421195633
2017-11-10	0.018972	0.981028	0
-0.00104462941441 1.04072731288
2017-11-13	0.008167	0.991833	0
0.00781733829866 1.03964013851
2017-11-14	0.005640	0.994360	0
0.012656845355 1.04776735718
2017-11-15	0.008623	0.991377	1
0.00648968945753 1.06102878659
2017-11-16	0.005796	0.994204	1
0.008751885191 1.06791453392
2017-11-17	0.003951	0.996049	1
0.0173887170095 1.07726079932
2017-11-20	0.109995	0.890006	1
0.010403919924 1.0959929825
2017-11-21	0.081199	0.918801	1
0.0194449143097 1.10739560573
2017-11-22	0.080468	0.919532	1
0.0152934966413 1.12892881839
2017-11-24	0.193088	0.806912	1
0.0146150953946 1.14619408748
2017-11-27	0.265948	0.734052	1
0.00096309915342 1.16294582341
2017-11-28	0.030652	0.969348	1
0.00121851278837 1.16406585555
2017-11-29	0.042672	0.957328	1
-0.00400369378815 1.16548428468
2017-11-30	0.041302	0.958698	1
0.00351219807586 1.16081804249
2017-12-01	0.084935	0.915065	1
0.00778578061202 1.16489506538
2017-12-04	0.325001	0.674999	1
0.0131352269331 1.1739646828
2017-12-05	0.924815	0.075185	1
0.0127716438403 1.15854439028
2017-12-06	0.975083	0.024917	1
0.00569970193176 1.14374787395
2017-12-07	0.985116	0.014884	1
0.00916843296247 1.13722885199
2017-12-08	0.935997	0.064003	1
0.0113421103087 1.12680224549
2017-12-11	0.422655	0.577345	1
0.00651620967166 1.13958256086
2017-12-12	0.172321	0.827679	1
0.00615877701865 1.14700831976
2017-12-13	0.538547	0.461453	1
0.0122775178072 1.14700831976
2017-12-14	0.843893	0.156107	1
0.00281410104551 1.13292590469
2017-12-15	0.620937	0.379063	1
-0.00359082744487 1.12973773672
2017-12-18	0.417711	0.582289	1
0.000428906532611 1.12568104345
2017-12-19	0.178763	0.821237	1
0.00309414948213 1.1261638554
2017-12-20	0.137442	0.862558	1
-0.0040825903559 1.12964837471
2017-12-21	0.219502	0.780498	0
0.00464719324994 1.12503648315
2017-12-22	0.821355	0.178645	1
0.0121470248088 1.1198082212
2017-12-26	0.926334	0.073666	1
0.0154214530787 1.10620588296
2017-12-27	0.849322	0.150678	1
0.0206917478438 1.08914658084
2017-12-28	0.527857	0.472143	1
0.0277152977541 1.08914658084
2017-12-29	0.503578	0.496422	1
0.0205800475338 1.08914658084
2018-01-02	0.444948	0.555052	1
0.0129631850028 1.11156126924
2018-01-03	0.495643	0.504357	1
0.0159949559286 1.11156126924
2018-01-04	0.364486	0.635514	1
0.0157082556808 1.12934064276
2018-01-05	0.247911	0.752089	1
0.0104486645243 1.14708061432
2018-01-08	0.121565	0.878435	1
0.0186349312504 1.15906607485
2018-01-09	0.155121	0.844879	1
0.0181207540854 1.18066519147
2018-01-10	0.170860	0.829140	1
0.0154431695991 1.20205973506
2018-01-11	0.222021	0.777979	1
0.0167717066728 1.22062334741
2018-01-12	0.189616	0.810384	1
0.0225866411633 1.24109528415
2018-01-16	0.393348	0.606652	1
0.0124814094085 1.26912745799
2018-01-17	0.626289	0.373711	1
0.0147317934404 1.25328695859
2018-01-18	0.733005	0.266995	1
0.0222645625022 1.234823794
2018-01-19	0.906575	0.093425	1
0.00725740124322 1.20733098246
2018-01-22	0.876731	0.123269	1
-0.00588208380321 1.19856889708
2018-01-23	0.379758	0.620242	1
-0.0048386630673 1.19151881439
2018-01-24	0.242131	0.757869	1
-0.00608259223386 1.18575345631
2018-01-25	0.148978	0.851022	1
-0.0385468873097 1.17854100154
2018-01-26	0.112204	0.887796	0
-0.0716971961045 1.13311191436
2018-01-29	0.358063	0.641937	0
-0.0450994371906 1.05187096723
2018-01-30	0.504220	0.495780	0
-0.0503398581937 1.05187096723
2018-01-31	0.785186	0.214814	0
-0.0853939432597 1.10482200256
2018-02-01	0.474600	0.525400	0
-0.0516195491023 1.10482200256
2018-02-02	0.753446	0.246553	0
0.00266525488177 1.16185241617
2018-02-05	0.975459	0.024541	0
-0.0119474317456 1.15875578335
2018-02-06	0.946598	0.053402	0
0.00632817010091 1.17259993898
2018-02-07	0.825280	0.174720	0
0.0581944982565 1.1651795271
2018-02-08	0.874757	0.125243	0
0.0430112042145 1.09737248915
2018-02-09	0.781426	0.218574	1
0.022688253012 1.05017317692
2018-02-12	0.531874	0.468126	1
0.014416472561 1.05017317692
2018-02-13	0.799287	0.200713	1
0.00197511337142 1.03503338413
2018-02-14	0.939767	0.060233	1
0.00589484475688 1.03298907585
2018-02-15	0.987300	0.012701	1
0.0173412463125 1.02689976561
2018-02-16	0.988325	0.011675	1
0.0103156546133 1.00909204384
2018-02-20	0.973930	0.026070	1
0.00462735005988 0.998682598841
2018-02-21	0.834353	0.165647	1
-0.00972281394695 0.994061344857
2018-02-22	0.105830	0.894170	1
-0.0204018490882 0.984396271349
2018-02-23	0.021166	0.978834	1
-0.0211038271297 0.964312767178
2018-02-26	0.011996	0.988004	0
-0.00588857550979 0.943962077241
2018-02-27	0.007888	0.992112	0
0.0047791864347 0.93840348527
2018-02-28	0.055839	0.944161	0
0.0228930758045 0.942888290478
2018-03-01	0.282314	0.717686	0
0.0354185229912 0.964473903587
2018-03-02	0.609211	0.390789	1
0.0228156821839 0.930313662458
2018-03-05	0.332850	0.667150	1
0.0136320977951 0.951539403312
2018-03-06	0.805834	0.194166	1
0.00831744168989 0.93856792511
2018-03-07	0.722261	0.277739	1
0.00305227877633 0.930761441121
2018-03-08	0.039759	0.960241	1
-0.0124023795418 0.933602384514
2018-03-09	0.357271	0.642729	1
-0.0251885002623 0.9220234934
2018-03-12	0.968698	0.031302	0
-0.0174917814823 0.945247882405
2018-03-13	0.978950	0.021050	0
-0.0136571642638 0.961781951811
2018-03-14	0.804513	0.195487	0
-0.0377239706288 0.974917165913
2018-03-15	0.152166	0.847835	0
-0.059501964019 0.93813941938
2018-03-16	0.107893	0.892107	0
-0.0200411003657 0.882318281403
2018-03-19	0.082197	0.917803	0
-0.0383960646314 0.864635652171
2018-03-20	0.013208	0.986792	0
-0.0394294483792 0.831437045788
2018-03-21	0.001765	0.998235	0
-0.00106661526376 0.79865394171
2018-03-22	0.022251	0.977749	0
-0.00246501510667 0.797802085226
2018-03-23	0.372550	0.627450	0
-0.0165879896936 0.795835491034
2018-03-26	0.151836	0.848164	0
0.0122749572355 0.78263418011
2018-03-27	0.025275	0.974725	0
0.0222034932821 0.792240981202
2018-03-28	0.000467	0.999533	1
-0.0137833738964 0.809831498506
2018-03-29	0.000294	0.999706	1
0.0121152033447 0.798669288169
2018-04-02	0.000449	0.999551	1
0.0162252481401 0.808345329001
2018-04-03	0.003073	0.996926	1
-0.00094529041004 0.821460932547
2018-04-04	0.011137	0.988863	1
0.00043183216296 0.820684413405
2018-04-05	0.017835	0.982165	1
0.0199004020012 0.82103881133
2018-04-06	0.028591	0.971409	1
0.0247517191734 0.837377813734
2018-04-09	0.017303	0.982697	1
0.0186383971125 0.858104354222
2018-04-10	0.012149	0.987850	1
0.0251495927677 0.87409804394
2018-04-11	0.003637	0.996363	1
0.0109384419611 0.896081253784
2018-04-12	0.003985	0.996015	1
0.00521021721944 0.905882986571
2018-04-13	0.002061	0.997939	1
-0.00281947379905 0.910602833706
2018-04-16	0.002533	0.997467	1
-0.0265408173449 0.908035412875
2018-04-17	0.007872	0.992128	1
-0.0255626449274 0.88393541084
2018-04-18	0.023446	0.976554	0
-0.00972474443212 0.861339683793
2018-04-19	0.069876	0.930124	0
-8.61378087343e-05 0.852963375499
2018-04-20	0.051470	0.948530	0
-0.00832868340143 0.852889903103
2018-04-23	0.023718	0.976282	0
0.00768245901849 0.845786453124
2018-04-24	0.033909	0.966091	0
-0.00141320002323 0.852284172888
2018-04-25	0.984802	0.015198	0
-0.0139522829142 0.853488620901
2018-04-26	0.930273	0.069727	0
-0.00243079363839 0.865396735604
2018-04-27	0.550916	0.449084	0
0.0092822643077 0.867500336484
2018-04-30	0.940828	0.059172	0
0.0064486590327 0.859447969074
2018-05-01	0.983944	0.016055	0
0.0235689985305 0.853905682165
2018-05-02	0.991688	0.008312	1
test acc:0.527607, look_back earning:0.833780
