###predict_type:4class, num_days_after:20
0.0307290931539 1.0
2017-01-17	0.000060	0.001542	0.934019	0.064379	2
0.0340509898829 1.03072909315
2017-01-18	0.002047	0.118733	0.766275	0.112946	2
0.0368999746829 1.06582643908
2017-01-19	0.001733	0.111612	0.770294	0.116361	2
0.035155833631 1.1051554077
2017-01-20	0.001399	0.094017	0.784212	0.120372	2
0.0442256312908 1.14400806734
2017-01-23	0.000992	0.067435	0.807752	0.123821	2
0.0362927438064 1.19460254632
2017-01-24	0.000765	0.049118	0.830806	0.119311	2
0.0284723509064 1.23795795049
2017-01-25	0.005775	0.248711	0.712881	0.032633	2
0.0307662378201 1.27320552366
2017-01-26	0.007713	0.296578	0.667567	0.028142	2
0.0327103457421 1.3123772676
2017-01-27	0.012584	0.460568	0.506559	0.020290	2
0.0362751561346 1.3123772676
2017-01-30	0.017046	0.615270	0.353584	0.014100	2
0.0513806820319 1.26477057731
2017-01-31	0.019576	0.670128	0.297416	0.012880	2
0.044907942357 1.19978580243
2017-02-01	0.044050	0.707081	0.242805	0.006064	2
0.044838545067 1.14590589078
2017-02-02	0.035768	0.549939	0.403452	0.010842	3
0.0339033365211 1.09452513785
2017-02-03	0.023788	0.363593	0.596235	0.016384	3
0.0330764720192 1.13163319193
2017-02-06	0.019248	0.288550	0.672882	0.019320	3
0.0304829735342 1.16906362554
2017-02-07	0.022332	0.336177	0.622464	0.019028	2
0.0305927227267 1.20470016109
2017-02-08	0.273880	0.692386	0.032244	0.001491	2
0.0280475057933 1.1678451031
2017-02-09	0.263563	0.714141	0.021395	0.000901	2
0.0247700434018 1.1350899608
2017-02-10	0.250253	0.735287	0.013935	0.000525	2
0.0159776656287 1.10697373321
2017-02-13	0.238659	0.752423	0.008628	0.000290	2
0.020397119226 1.08928687704
2017-02-14	0.226924	0.767823	0.005104	0.000149	2
0.0136766627647 1.06706856274
2017-02-15	0.042335	0.463615	0.487245	0.006806	2
0.0132198941727 1.06706856274
2017-02-16	0.049942	0.500019	0.444860	0.005179	2
0.00948897605816 1.06706856274
2017-02-17	0.046566	0.396401	0.551656	0.005377	2
-0.00903021962772 1.07719395078
2017-02-21	0.036971	0.245382	0.711701	0.005947	2
-0.00608175798064 1.06746665282
2017-02-22	0.030093	0.171463	0.792243	0.006200	2
-0.00755141032691 1.06097457899
2017-02-23	0.000239	0.001091	0.990970	0.007701	1
-0.0098676569539 1.0529627246
2017-02-24	0.000245	0.001124	0.989611	0.009020	1
-0.0118830678342 1.04257244965
2017-02-27	0.000315	0.001468	0.987175	0.011043	1
-0.0021449121755 1.0301834905
2017-02-28	0.000437	0.002117	0.983354	0.014092	1
-0.014537012304 1.02797383739
2017-03-01	0.000528	0.002566	0.980756	0.016150	1
-0.00581875150378 1.01303016907
2017-03-02	0.000271	0.001700	0.976401	0.021629	1
-0.00856024839034 1.00713559825
2017-03-03	0.000246	0.001612	0.975579	0.022563	1
-0.00693383150267 0.998514267367
2017-03-06	0.000195	0.001392	0.975043	0.023370	1
-0.00347493459586 0.991590737684
2017-03-07	0.000145	0.001128	0.974827	0.023900	1
-0.00424464024241 0.988145024724
2017-03-08	0.000096	0.000830	0.973691	0.025384	1
-0.00312072109162 0.983950704587
2017-03-09	0.028828	0.952627	0.017306	0.001240	1
-0.00719046585221 0.987021340304
2017-03-10	0.027261	0.943318	0.027249	0.002171	1
-0.00687183743633 0.994118483547
2017-03-13	0.027265	0.918012	0.049955	0.004768	1
-0.0049335221628 1.00094990416
2017-03-14	0.029506	0.887816	0.073832	0.008846	1
-0.0169080519524 1.00588811269
2017-03-15	0.032369	0.893482	0.065611	0.008538	1
-0.0220166047425 1.02289572116
2017-03-16	0.034913	0.958083	0.006465	0.000538	1
-0.0122947545464 1.04541641195
2017-03-17	0.034137	0.963039	0.002644	0.000180	1
-0.0131790585093 1.05826955013
2017-03-20	0.033096	0.965208	0.001597	0.000098	1
-0.00249575515567 1.07221654645
2017-03-21	0.032168	0.965848	0.001866	0.000118	1
0.0031467989525 1.07489253643
2017-03-22	0.024623	0.910652	0.062201	0.002524	1
0.00116366007946 1.07151006572
2017-03-23	0.020611	0.827164	0.145907	0.006318	1
0.0128712275702 1.07026319223
2017-03-24	0.014429	0.662683	0.309488	0.013400	2
0.0200803718806 1.05648759112
2017-03-27	0.010569	0.540103	0.430171	0.019157	2
0.0122446646805 1.0352729274
2017-03-28	0.010953	0.566769	0.403658	0.018620	2
0.0117063021395 1.02259635756
2017-03-29	0.000033	0.000872	0.909780	0.089315	2
0.00681566316666 1.03456717948
2017-03-30	0.000053	0.001454	0.925038	0.073455	2
0.0108392445994 1.0416184409
2017-03-31	0.000076	0.002134	0.940619	0.057170	2
0.013705803967 1.05290879796
2017-04-03	0.000096	0.002728	0.950159	0.047017	2
0.0118508919671 1.06733975954
2017-04-04	0.000103	0.002939	0.953246	0.043712	2
0.0155421917168 1.07998868773
2017-04-05	0.000061	0.001345	0.948624	0.049969	2
0.0177307220815 1.09677407896
2017-04-06	0.000053	0.001030	0.946210	0.052707	2
0.0186114012074 1.11622067534
2017-04-07	0.000049	0.000809	0.941304	0.057837	2
0.0168677568289 1.13699510617
2017-04-10	0.000051	0.000723	0.934384	0.064843	2
0.0194792631427 1.15617366313
2017-04-11	0.000059	0.000774	0.926634	0.072533	2
0.0211136375548 1.17869507416
2017-04-12	0.000005	0.000040	0.882227	0.117727	2
0.0265999270057 1.20358161474
2017-04-13	0.000004	0.000038	0.878743	0.121215	2
0.0226947096862 1.23559679784
2017-04-17	0.000003	0.000026	0.886372	0.113599	2
0.0249680864903 1.26363830845
2017-04-18	0.000002	0.000017	0.894172	0.105809	2
0.00806618030623 1.29518893903
2017-04-19	0.000001	0.000013	0.897254	0.102732	2
0.00419379057178 1.30563616654
2017-04-20	0.000051	0.001013	0.881990	0.116946	2
0.0140674594803 1.31111173119
2017-04-21	0.000111	0.002157	0.884003	0.113728	2
0.00836935359473 1.32955574234
2017-04-24	0.000307	0.005741	0.893587	0.100366	2
0.0041069071926 1.34068326447
2017-04-25	0.000701	0.012460	0.906025	0.080814	2
0.00709539466795 1.34618932622
2017-04-26	0.019590	0.771909	0.199744	0.008757	2
0.0110098921202 1.33663758165
2017-04-27	0.018243	0.820766	0.154898	0.006093	2
0.0132623521517 1.32192134607
2017-04-28	0.016528	0.845194	0.133419	0.004859	2
0.0102916259356 1.30438955966
2017-05-01	0.015626	0.844468	0.135201	0.004705	2
0.00862761780332 1.29096527024
2017-05-02	0.015224	0.815809	0.163232	0.005735	2
0.0175577551288 1.27982731529
2017-05-03	0.025658	0.866663	0.105252	0.002427	2
0.0207364240517 1.25735642068
2017-05-04	0.026976	0.829132	0.140332	0.003560	2
0.0153420803654 1.23128334476
2017-05-05	0.028829	0.799177	0.167301	0.004694	2
0.0124824751595 1.21239289673
2017-05-08	0.031103	0.788606	0.174763	0.005528	2
0.0151110598231 1.19725923251
2017-05-09	0.033239	0.796103	0.164627	0.006031	2
0.0142355702436 1.17916737663
2017-05-10	0.001139	0.014974	0.943768	0.040119	2
0.0155903265728 1.19595349665
2017-05-11	0.001288	0.016733	0.939923	0.042056	2
0.016098540972 1.21459880223
2017-05-12	0.001347	0.016956	0.937050	0.044646	2
0.0158305298282 1.23415207081
2017-05-15	0.001360	0.016796	0.933533	0.048311	2
0.0155165022896 1.25368935198
2017-05-16	0.001280	0.015085	0.929888	0.053748	2
0.0320021382842 1.27314222568
2017-05-17	0.000110	0.000897	0.967341	0.031652	2
0.0285029082055 1.31388549924
2017-05-18	0.000098	0.000761	0.961436	0.037705	2
0.0301167638649 1.35133505702
2017-05-19	0.000083	0.000644	0.956498	0.042774	2
0.0179655976141 1.39203289583
2017-05-22	0.000072	0.000620	0.956135	0.043173	2
0.0155061255121 1.4170415987
2017-05-23	0.000074	0.000700	0.960493	0.038733	2
0.0125229689245 1.43901442359
2017-05-24	0.000255	0.003231	0.977147	0.019367	2
0.00961872700921 1.4570351565
2017-05-25	0.000473	0.006359	0.977799	0.015370	2
0.00962406099693 1.47104997991
2017-05-26	0.000894	0.013775	0.972658	0.012673	2
0.00268140969541 1.48520745465
2017-05-30	0.001371	0.023568	0.963530	0.011531	2
0.0119785637283 1.48918990431
2017-05-31	0.001226	0.021784	0.965812	0.011178	2
-0.0042633101955 1.50702826049
2017-06-01	0.002748	0.046545	0.939928	0.010778	2
-0.00642056167225 1.50060333154
2017-06-02	0.002195	0.032738	0.955307	0.009760	2
-0.00291043048683 1.4909686153
2017-06-05	0.002194	0.028127	0.960743	0.008936	2
0.0013213107597 1.48662925479
2017-06-06	0.002258	0.024297	0.964440	0.009006	1
-0.00961305184301 1.48859355402
2017-06-07	0.002291	0.021394	0.966681	0.009634	1
-0.0035377333295 1.47428362701
2017-06-08	0.008329	0.090281	0.603689	0.297701	1
-0.00178474938008 1.46906800469
2017-06-09	0.011099	0.114159	0.520052	0.354689	1
-0.00158883512276 1.46644608648
2017-06-12	0.014038	0.134052	0.443826	0.408085	1
0.00118831310311 1.46411614543
2017-06-13	0.015513	0.143943	0.406175	0.434369	1
0.00406502280899 1.46585597383
2017-06-14	0.014708	0.138664	0.386947	0.459681	1
0.0110217639756 1.4718147118
2017-06-15	0.004433	0.048114	0.676974	0.270479	2
0.0106816271369 1.48803670617
2017-06-16	0.003220	0.034906	0.647506	0.314368	2
0.0029142924686 1.50393135943
2017-06-19	0.002676	0.029506	0.635634	0.332184	2
0.0151003885877 1.50831425526
2017-06-20	0.002804	0.031666	0.627482	0.338049	2
0.0155361073597 1.53109038663
2017-06-21	0.003514	0.041117	0.615187	0.340182	2
0.0156253850893 1.55487757125
2017-06-22	0.049050	0.660320	0.252373	0.038257	2
0.0129639092811 1.53058201044
2017-06-23	0.042565	0.596864	0.316411	0.044160	2
0.0156042255612 1.51073968411
2017-06-26	0.037150	0.539029	0.372725	0.051097	2
0.0241591657433 1.48716576131
2017-06-27	0.032476	0.476321	0.429095	0.062109	2
0.014229583201 1.48716576131
2017-06-28	0.019055	0.415210	0.537293	0.028441	2
0.0216556184651 1.50832751024
2017-06-29	0.013261	0.303693	0.650971	0.032075	2
0.0193488109461 1.54099127533
2017-06-30	0.009840	0.240306	0.715212	0.034643	2
0.0194894627852 1.57080762418
2017-07-03	0.008176	0.211052	0.744048	0.036724	2
0.0185115558223 1.60142182092
2017-07-05	0.007443	0.198531	0.757707	0.036319	2
0.0258989106754 1.63106663035
2017-07-06	0.004843	0.213738	0.753626	0.027792	2
0.0212974715814 1.67330947932
2017-07-07	0.004891	0.215896	0.752019	0.027194	2
0.0220315321979 1.7089467404
2017-07-10	0.004998	0.212624	0.756484	0.025893	2
0.0203625187073 1.74659745553
2017-07-11	0.005586	0.225579	0.744683	0.024151	2
0.012593881101 1.7821625789
2017-07-12	0.006183	0.241908	0.729812	0.022097	2
-0.00393005217151 1.80460692252
2017-07-13	0.000687	0.017610	0.928723	0.052980	2
-0.00729887324287 1.79751472316
2017-07-14	0.001117	0.026745	0.927720	0.044418	2
0.00272461115368 1.78439489105
2017-07-17	0.001871	0.043307	0.917650	0.037171	2
0.0016256130949 1.78925667327
2017-07-18	0.002640	0.063623	0.901433	0.032305	2
-0.00231220405961 1.79216531235
2017-07-19	0.003784	0.087957	0.878246	0.030013	1
-0.0175625138976 1.78802146044
2017-07-20	0.039567	0.373269	0.547473	0.039691	1
-0.0190047481537 1.75661930869
2017-07-21	0.055963	0.484178	0.424756	0.035104	1
-0.0168183462887 1.75661930869
2017-07-24	0.072038	0.570258	0.326009	0.031695	1
-0.00993888128354 1.78616274052
2017-07-25	0.084870	0.605733	0.279232	0.030164	1
-0.0136369721233 1.80391519995
2017-07-26	0.091189	0.618810	0.260178	0.029824	1
-0.0147247341754 1.82851514124
2017-07-27	0.058222	0.745751	0.186625	0.009401	1
-0.0117511827292 1.85543954063
2017-07-28	0.049707	0.688372	0.249909	0.012012	1
-0.0105493259928 1.87724314972
2017-07-31	0.040019	0.602219	0.342044	0.015718	1
-0.0121348350542 1.89704679967
2017-08-01	0.034913	0.553630	0.392940	0.018517	1
-0.00806435305302 1.92006714968
2017-08-02	0.027724	0.480251	0.469181	0.022845	1
-0.000206297335379 1.92006714968
2017-08-03	0.050172	0.945725	0.003915	0.000188	1
-0.00011308809595 1.92046325441
2017-08-04	0.048630	0.946958	0.004195	0.000217	1
-0.00929489619917 1.92068043595
2017-08-07	0.048515	0.947103	0.004152	0.000231	1
-0.00378998124343 1.93853296123
2017-08-08	0.049447	0.946378	0.003940	0.000235	1
-0.00360542760366 1.94587996479
2017-08-09	0.051386	0.944182	0.004170	0.000262	1
0.00952333884284 1.95289569413
2017-08-10	0.036709	0.957590	0.005469	0.000233	1
0.0191658603065 1.93429760671
2017-08-11	0.034504	0.955094	0.009953	0.000449	2
0.012425744881 1.89722512899
2017-08-14	0.030954	0.943969	0.023974	0.001103	2
0.0136979070239 1.87365069356
2017-08-15	0.028090	0.916479	0.052925	0.002507	2
0.0111461802292 1.84798560056
2017-08-16	0.027453	0.909682	0.059799	0.003066	2
0.0288970004239 1.82738762
2017-08-17	0.037162	0.936878	0.025120	0.000840	2
0.0322896250335 1.77458159917
2017-08-18	0.035506	0.947283	0.016666	0.000545	2
0.0322355311491 1.71728102474
2017-08-21	0.032429	0.948031	0.018972	0.000568	2
0.0227236586191 1.66192355877
2017-08-22	0.029339	0.931191	0.038467	0.001004	2
0.0231420516849 1.62415857517
2017-08-23	0.027672	0.899066	0.071492	0.001770	2
0.0259330783076 1.58657221348
2017-08-24	0.002940	0.087851	0.895154	0.014055	2
0.0219438406909 1.62771691493
2017-08-25	0.005579	0.154239	0.826328	0.013855	2
0.0215200225837 1.66343527561
2017-08-28	0.012414	0.318168	0.658638	0.010780	2
0.0248293340964 1.6992324403
2017-08-29	0.016559	0.419395	0.556037	0.008009	2
0.0213501836616 1.74142325027
2017-08-30	0.014071	0.361770	0.616752	0.007406	2
0.0193029765259 1.7786029565
2017-08-31	0.000066	0.000557	0.989980	0.009397	2
0.0212271506733 1.81293528762
2017-09-01	0.000077	0.000610	0.990350	0.008964	2
0.031218339963 1.85141873813
2017-09-05	0.000160	0.001205	0.989397	0.009239	2
0.0292836457733 1.90921695771
2017-09-06	0.000339	0.002467	0.987723	0.009471	2
0.0352805145722 1.9651257908
2017-09-07	0.000495	0.003591	0.986124	0.009791	2
0.0357110312181 2.0344564399
2017-09-08	0.001386	0.016949	0.960424	0.021241	2
0.0227561875176 2.10710897734
2017-09-11	0.001194	0.014084	0.962864	0.021859	2
0.0216945058643 2.15505874435
2017-09-12	0.001264	0.014728	0.963257	0.020752	2
0.0227628004354 2.20181167891
2017-09-13	0.002127	0.025264	0.952856	0.019753	2
0.0221627482484 2.25193107876
2017-09-14	0.033745	0.581160	0.349569	0.035526	2
0.0211740119909 2.20202209718
2017-09-15	0.036285	0.657058	0.279785	0.026872	2
0.021474676342 2.15539645489
2017-09-18	0.032985	0.617165	0.320444	0.029406	2
0.0210281459728 2.10911001364
2017-09-19	0.027777	0.506728	0.427417	0.038079	2
0.0211383280707 2.10911001364
2017-09-20	0.022073	0.398931	0.532036	0.046959	2
0.0245940964331 2.15369307304
2017-09-21	0.062944	0.888892	0.046138	0.002026	2
0.0291700969539 2.10072493792
2017-09-22	0.063214	0.869939	0.063831	0.003016	2
0.0273646002005 2.0394465878
2017-09-25	0.063643	0.852461	0.079329	0.004567	2
0.0289525148206 1.9836379473
2017-09-26	0.064602	0.838345	0.090281	0.006772	2
0.019987674708 1.92620664023
2017-09-27	0.067592	0.824041	0.098787	0.009580	2
0.0200552170046 1.88770624849
2017-09-28	0.075667	0.920710	0.003422	0.000201	2
0.0244943150445 1.84984789003
2017-09-29	0.077027	0.919018	0.003741	0.000214	2
0.0172826905294 1.80453713303
2017-10-02	0.077826	0.918759	0.003247	0.000168	2
0.0160499563616 1.77334987621
2017-10-03	0.077708	0.920035	0.002162	0.000096	2
0.0164004586758 1.74488768808
2017-10-04	0.074387	0.924321	0.001248	0.000044	2
0.0108852809333 1.71627072966
2017-10-05	0.085449	0.914444	0.000105	0.000002	2
0.0151059292008 1.69758864061
2017-10-06	0.088284	0.911634	0.000081	0.000001	2
0.0182337222417 1.67194498679
2017-10-09	0.094831	0.905082	0.000085	0.000001	2
0.0156823391652 1.6414592063
2017-10-10	0.101471	0.898415	0.000113	0.000002	2
0.0153175044223 1.6157172863
2017-10-11	0.108227	0.891631	0.000140	0.000002	2
0.0132070269748 1.59096852962
2017-10-12	0.079395	0.919236	0.001353	0.000016	2
0.0114093856425 1.56995656534
2017-10-13	0.080710	0.917980	0.001291	0.000018	2
0.0106348825728 1.55204432544
2017-10-16	0.084882	0.913815	0.001281	0.000021	2
0.00762299920203 1.53553851629
2017-10-17	0.087702	0.911063	0.001213	0.000022	2
0.00131189336498 1.52383310741
2017-10-18	0.038652	0.437395	0.515644	0.008310	2
0.00918769723322 1.52383310741
2017-10-19	0.038351	0.440198	0.512891	0.008560	2
0.00141351579095 1.52383310741
2017-10-20	0.038094	0.443422	0.509947	0.008537	2
0.00669007165748 1.52383310741
2017-10-23	0.037626	0.443711	0.509889	0.008774	2
0.0116382203952 1.52383310741
2017-10-24	0.012832	0.159568	0.806507	0.021093	2
0.0156151190042 1.54156781296
2017-10-25	0.012274	0.157854	0.807075	0.022798	2
0.0164114988444 1.56563957781
2017-10-26	0.011543	0.155434	0.808302	0.024721	2
0.00788424924995 1.59133406993
2017-10-27	0.010521	0.153385	0.810267	0.025827	2
0.0210701437301 1.60388054438
2017-10-30	0.009384	0.150864	0.814691	0.025061	2
0.0197300855059 1.63767453797
2017-10-31	0.004074	0.079928	0.824888	0.091111	2
0.0264484202884 1.66998599664
2017-11-01	0.003137	0.064591	0.851762	0.080510	2
0.0241757844768 1.71415448815
2017-11-02	0.002160	0.049138	0.878950	0.069753	2
0.0199393308729 1.75559551762
2017-11-03	0.001686	0.042912	0.890381	0.065021	2
0.0148353040888 1.79060091752
2017-11-06	0.000755	0.022200	0.883459	0.093586	2
0.0149114124275 1.81716502664
2017-11-07	0.000640	0.019874	0.888929	0.090557	2
0.0164201472575 1.8442615238
2017-11-08	0.000562	0.018024	0.893649	0.087765	2
0.0258761045772 1.8745445696
2017-11-09	0.000528	0.016364	0.894171	0.088936	2
0.0300855826201 1.92305048092
2017-11-10	0.000451	0.013451	0.891081	0.095017	2
0.0306672741575 1.98090657504
2017-11-13	0.001586	0.069659	0.872827	0.055927	2
0.0325646491462 2.04165558006
2017-11-14	0.001298	0.054249	0.880529	0.063924	2
0.0340751832991 2.1081413777
2017-11-15	0.001056	0.041284	0.880217	0.077442	2
0.0348734562767 2.17997668157
2017-11-16	0.000841	0.030851	0.878056	0.090252	2
0.0431625707908 2.25600000306
2017-11-17	0.000719	0.025871	0.875347	0.098063	2
0.0384681325748 2.35337476289
2017-11-20	0.001386	0.055440	0.884036	0.059138	2
0.0308653613079 2.44390469527
2017-11-21	0.001946	0.080895	0.861751	0.055408	2
0.0336878327318 2.51933669669
2017-11-22	0.003642	0.160896	0.790736	0.044725	2
0.0310942135049 2.60420768993
2017-11-24	0.007482	0.354648	0.608265	0.029605	2
0.0303988218127 2.68518347985
2017-11-27	0.011315	0.545366	0.425120	0.018198	2
0.021156929472 2.60355706571
2017-11-28	0.000509	0.012397	0.952809	0.034286	2
0.0234075625019 2.65864033893
2017-11-29	0.000601	0.012788	0.956931	0.029681	2
0.00983161944751 2.72087262883
2017-11-30	0.000609	0.011298	0.963925	0.024169	2
0.0202822247958 2.74762321308
2017-12-01	0.000694	0.011130	0.968170	0.020006	2
0.027892357011 2.80335112474
2017-12-04	0.000807	0.011182	0.970399	0.017613	2
0.035906972018 2.88154319514
2017-12-05	0.000037	0.000437	0.984132	0.015394	2
0.0433123642684 2.98501068602
2017-12-06	0.000040	0.000487	0.980772	0.018701	2
0.0419912172258 3.1142985562
2017-12-07	0.000044	0.000550	0.974951	0.024455	2
0.0376353007731 3.24507174338
2017-12-08	0.000042	0.000535	0.970040	0.029383	2
0.0331730570416 3.36720099447
2017-12-11	0.000041	0.000501	0.968385	0.031073	2
0.0388309777438 3.47890134513
2017-12-12	0.000028	0.000408	0.969730	0.029834	2
0.0463375313541 3.61399048583
2017-12-13	0.000022	0.000340	0.971055	0.028583	2
0.0469115501073 3.78145388328
2017-12-14	0.000017	0.000273	0.971093	0.028618	3
0.0473688323398 3.95884774661
2017-12-15	0.000014	0.000219	0.971831	0.027936	3
0.0400980253999 4.14637374178
2017-12-18	0.014467	0.447188	0.524115	0.014229	3
0.0480445427322 4.14637374178
2017-12-19	0.014058	0.429089	0.542746	0.014106	3
0.0573742651862 4.3455843722
2017-12-20	0.013296	0.394694	0.577978	0.014032	3
0.0575733894973 4.59490908236
2017-12-21	0.012367	0.356019	0.617667	0.013947	3
0.0574656563288 4.85945357266
2017-12-22	0.014791	0.417255	0.554312	0.013642	3
0.0592240253684 5.13870526161
2017-12-26	0.000196	0.004268	0.971967	0.023569	3
0.0709194716017 5.44304007238
2017-12-27	0.000237	0.004838	0.969049	0.025876	3
0.0617628016699 5.82905759822
2017-12-28	0.000245	0.004502	0.967428	0.027825	3
0.0556624916999 6.18907652659
2017-12-29	0.000217	0.003696	0.967015	0.029072	3
0.0474810892652 6.53357594738
2018-01-02	0.000182	0.002837	0.967534	0.029446	3
0.0401465120511 6.84379725016
2018-01-03	0.000057	0.000312	0.965703	0.033928	3
0.0140014831185 7.11855183893
2018-01-04	0.000073	0.000311	0.968806	0.030810	3
-0.0343437301768 7.21822212234
2018-01-05	0.000116	0.000398	0.974429	0.025058	2
-0.0191323320147 6.97032144941
2018-01-08	0.000190	0.000587	0.980388	0.018835	2
-0.0253081645337 6.83696294519
2018-01-09	0.000283	0.000906	0.984232	0.014579	1
-0.0608500744115 6.66393196206
2018-01-10	0.000209	0.000776	0.984840	0.014175	1
-0.053480356217 6.2584312063
2018-01-11	0.000240	0.000989	0.984018	0.014752	1
-0.0467439990812 5.92372807603
2018-01-12	0.000351	0.001701	0.980708	0.017240	0
-0.0408727800863 5.64682933628
2018-01-16	0.000623	0.003517	0.974444	0.021417	0
-0.0370840218556 5.41602772264
2018-01-17	0.001009	0.007285	0.966147	0.025559	0
-0.0238846617084 5.2151796322
2018-01-18	0.000703	0.004821	0.971133	0.023343	0
-0.0277835106572 5.09061683094
2018-01-19	0.000329	0.002621	0.976658	0.020392	1
-0.0411970476214 4.94918162396
2018-01-22	0.000154	0.001271	0.980365	0.018211	1
-0.048535926447 4.74528995291
2018-01-23	0.000082	0.000665	0.982780	0.016474	1
-0.0470759883561 4.51497290879
2018-01-24	0.000055	0.000429	0.983615	0.015901	1
-0.0323853130228 4.30242609671
2018-01-25	0.000051	0.000513	0.983014	0.016422	1
-0.0324657909176 4.16309068081
2018-01-26	0.000042	0.000395	0.982992	0.016571	0
-0.0382859125364 4.02793264919
2018-01-29	0.000042	0.000369	0.981115	0.018474	1
-0.038477412672 3.87371957208
2018-01-30	0.000041	0.000382	0.976493	0.023084	1
-0.0517528427283 3.72466886553
2018-01-31	0.000041	0.000684	0.974325	0.024951	1
-0.0463256295225 3.53190666352
2018-02-01	0.000034	0.000629	0.970354	0.028983	0
-0.0149124050972 3.36828886392
2018-02-02	0.000023	0.000485	0.963102	0.036389	1
0.029891278394 3.31805957589
2018-02-05	0.000010	0.000268	0.951750	0.047971	1
0.0117471081928 3.4172406184
2018-02-06	0.000002	0.000071	0.950291	0.049636	1
0.0213711291279 3.45738331367
2018-02-07	0.000000	0.000003	0.942537	0.057460	1
0.0796474622239 3.53127149891
2018-02-08	0.000000	0.000000	0.928978	0.071022	2
0.0624038479892 3.81252831222
2018-02-09	0.000000	0.000000	0.914111	0.085889	3
0.0411559111446 4.05044474947
2018-02-12	0.000000	0.000001	0.892277	0.107722	3
0.0324979546102 4.21714449368
2018-02-13	0.000000	0.000005	0.835576	0.164419	3
0.0180462685899 4.35419306402
2018-02-14	0.000005	0.000300	0.759805	0.239890	3
0.00761936145284 4.43277000154
2018-02-15	0.000012	0.000397	0.827378	0.172213	2
-0.00706388943789 4.46654487842
2018-02-16	0.000023	0.000464	0.925094	0.074418	2
0.00025030740798 4.43499369923
2018-02-20	0.000048	0.000764	0.958805	0.040383	2
0.00392391881318 4.43610381101
2018-02-21	0.000060	0.000955	0.971057	0.027928	2
-0.022289567893 4.45351072221
2018-02-22	0.000064	0.000482	0.976098	0.023356	1
-0.0578895642995 4.35424389261
2018-02-23	0.000040	0.000335	0.982267	0.017358	1
-0.0435494659825 4.10217861081
2018-02-26	0.000031	0.000300	0.987409	0.012260	1
-0.0479761175973 3.92353092294
2018-02-27	0.000026	0.000245	0.990085	0.009644	1
-0.0401020314426 3.73529514199
2018-02-28	0.000024	0.000223	0.989779	0.009973	0
-0.0137432175639 3.58550221876
2018-03-01	0.031502	0.033402	0.919157	0.015939	0
-0.0406391453785 3.53622588169
2018-03-02	0.057632	0.079451	0.816156	0.046761	1
-0.0391371746212 3.39251668399
2018-03-05	0.108917	0.195018	0.619120	0.076944	1
-0.0305815715371 3.25974316612
2018-03-06	0.068404	0.141441	0.730453	0.059702	1
-0.023456029045 3.1600550973
2018-03-07	0.030456	0.052449	0.867543	0.049552	1
-0.0491060508147 3.08593275315
2018-03-08	0.003123	0.001437	0.920284	0.075155	1
-0.0622306971571 2.93439478256
2018-03-09	0.015488	0.004636	0.908515	0.071361	0
-0.0453284202054 2.75178534951
2018-03-12	0.024445	0.006352	0.913390	0.055813	0
-0.0445231079147 2.62705126687
2018-03-13	0.093570	0.025289	0.848246	0.032895	0
-0.0310931521597 2.51008677982
2018-03-14	0.149867	0.041954	0.783736	0.024443	0
-0.0331340234652 2.43204026964
2018-03-15	0.000024	0.000026	0.861713	0.138237	0
-0.0269511738693 2.35145699028
2018-03-16	0.000019	0.000016	0.780412	0.219553	1
-0.00240700066375 2.28808246409
2018-03-19	0.000011	0.000013	0.746279	0.253698	1
-0.00305490747145 2.28257504808
2018-03-20	0.000003	0.000005	0.681801	0.318191	1
-0.00693233257984 2.27560199251
2018-03-21	0.000001	0.000002	0.483546	0.516451	1
0.0100049555736 2.25982676268
2018-03-22	0.000000	0.000002	0.403959	0.596040	1
0.0316931065658 2.28243622904
2018-03-23	0.000000	0.000001	0.306597	0.693401	2
-0.00902367832089 2.35477372368
2018-03-26	0.000000	0.000000	0.263121	0.736879	2
0.0102501699348 2.33352500308
2018-03-27	0.000000	0.000000	0.252864	0.747136	2
0.0237773128599 2.35744403091
2018-03-28	0.000000	0.000000	0.146286	0.853714	2
0.0109963000452 2.41349771518
2018-03-29	0.000000	0.000000	0.158334	0.841666	2
0.0256286514334 2.44003726021
2018-04-02	0.000000	0.000001	0.168168	0.831831	2
0.0154334563675 2.50257212464
2018-04-03	0.000001	0.000003	0.158383	0.841613	2
-0.00341060779942 2.54119546233
2018-04-04	0.000003	0.000007	0.157554	0.842437	2
-0.0124341300103 2.53252844127
2018-04-05	0.000061	0.000120	0.222560	0.777259	2
0.0226341251771 2.50103865338
2018-04-06	0.000126	0.000284	0.309775	0.689815	2
0.0227578878736 2.55764747533
2018-04-09	0.000230	0.000754	0.447606	0.551410	2
0.00566448468821 2.61585412979
2018-04-10	0.000331	0.001402	0.550692	0.447575	2
0.0210431884552 2.63067159546
2018-04-11	0.000388	0.001792	0.614822	0.382997	2
0.0221772979628 2.6860293136
2018-04-12	0.001423	0.004020	0.309695	0.684862	2
0.0268870233031 2.74559818603
2018-04-13	0.001207	0.003315	0.340717	0.654761	2
0.019526856738 2.81941914844
2018-04-16	0.001522	0.004178	0.430351	0.563949	2
0.00186968625622 2.87447354223
2018-04-17	0.003342	0.009475	0.544828	0.442355	2
0.00510222861297 2.87984790591
2018-04-18	0.009154	0.027592	0.650234	0.313019	2
0.0100255097238 2.8945415483
2018-04-19	0.006597	0.007801	0.228522	0.757081	2
0.0160403954864 2.92356080273
2018-04-20	0.011698	0.011187	0.211542	0.765573	2
0.0234880855637 2.97045587424
2018-04-23	0.010845	0.008344	0.148442	0.832370	2
0.0341156764653 3.04022619598
2018-04-24	0.008338	0.004684	0.075618	0.911360	2
0.0355725178288 3.14394556926
2018-04-25	0.007634	0.001058	0.013037	0.978271	2
0.0228052008221 3.25578362907
2018-04-26	0.000940	0.000235	0.013941	0.984884	2
0.0192591517789 3.33003242857
2018-04-27	0.000077	0.000047	0.017187	0.982689	2
0.0157890145579 3.39416602854
2018-04-30	0.000032	0.000022	0.016155	0.983790	2
0.0260697604339 3.44775656538
2018-05-01	0.000095	0.000049	0.013037	0.986819	2
0.0375427135242 3.53763875307
2018-05-02	0.000655	0.000295	0.017444	0.981606	2
test acc:0.493865, look_back earning:3.670451
